#    0.000   0.000   0.000 ;Mean Elev.(m), Avg Gradient(m/km), RMS Gradient(m/km) - SRTM1     
#    0.000   0.000   0.000 ;Mean Elev.(m), Avg Gradient(m/km), RMS Gradient(m/km) - ASTER GDEM
#    0.143   0.641   3.844 ;Mean Elev.(m), Avg Gradient(m/km), RMS Gradient(m/km) - GMTED2010 
  6 301.912439 -33.008363     1.845     1.780  5 52441.09355986 23.986
  7 301.915841 -33.003589     1.694     1.683  6 52476.09355755 19.569
  8 301.922375 -32.996445     2.072     2.024  4 52511.09351117 17.071
  9 301.923394 -32.994560     3.284     3.252  5 52546.09353163 30.636
 10 301.920100 -32.998866     3.740     3.742  4 52581.09355339 51.146
 11 301.914317 -33.004578     3.710     3.582  5 52616.09352227 31.113
 12 301.925076 -32.991510     1.784     1.696  5 52651.09350147 21.450
 13 301.920743 -32.998055     1.654     1.625  5 52686.09349049 18.604
 14 301.919007 -32.998746     1.972     1.904  5 52721.09354059 25.248
 15 301.908911 -33.012031     2.092     2.225  4 52756.09356125 45.081
 16 301.923509 -32.994179     2.298     2.362  4 52791.09351420 38.575
 17 301.924091 -32.992931     1.452     1.424  5 52826.09358353 42.535
 18 301.925176 -32.992094     2.388     2.416  5 52861.09362929 49.609
 19 301.917365 -33.001994     1.700     1.778  5 52896.09365788 34.988
 20 301.914273 -33.005446     1.531     1.526  6 52931.09360529 19.707
 21 301.923985 -32.991835     1.670     1.625  5 52966.09360389 21.106
 22 301.914156 -33.004939     3.029     3.010  6 53001.09363206 29.147
 23 301.914531 -33.003946     2.327     2.283  5 53036.09358195 35.154
 24 301.919852 -32.999786     0.774     0.784  5 53071.09360390 15.209
 25 301.913596 -33.005761     1.245     1.106  5 53106.09358240 23.066
 26 301.921782 -32.996462     1.381     1.418  4 53141.09361191 48.130
 27 301.920269 -32.997802     1.237     1.239  4 53176.09364190 19.778
 28 301.917797 -33.001371     1.437     1.320  5 53211.09366004 19.778
 29 301.919575 -33.000615     1.067     1.026  5 53246.09362800 50.854
 30 301.920992 -32.998377     1.335     1.311  5 53281.09361359 19.580
 31 301.921162 -32.996744     2.207     2.205  4 53316.09362600 23.767
 32 301.921352 -32.996077     0.739     0.721  4 53351.09359175 20.002
 33 301.922117 -32.996059     1.265     1.136  5 53386.09357619 26.272
 34 301.924755 -32.990257     0.677     0.622  5 53421.09358074 40.801
 35 301.925663 -32.991347     0.735     0.659  5 53456.09358594 39.618
 36 301.914736 -33.004936     1.478     1.493  6 53491.09366890 49.232
 37 301.922725 -32.995264     2.931     3.063  5 53526.09365389 48.685
 38 301.913447 -33.005557     1.637     1.682  5 53561.09368031 46.736
 39 301.921454 -32.995895     0.619     0.563  4 53596.09362027 43.135
 40 301.919473 -32.999066     1.369     1.385  4 53631.09361401 30.553
 41 301.916970 -33.001952     2.058     2.110  6 53666.09363646 24.386
 42 301.920973 -32.997201     0.973     0.859  5 53701.09358825 20.426
 43 301.920190 -32.999658     1.011     1.001  5 53736.09349819 38.726
 44 301.924344 -32.988951     1.241     1.244  4 53771.09350384 17.672
 45 301.920475 -32.997799     1.104     1.067  5 53806.09349376 29.226
 47 301.922657 -32.996170     1.550     1.571  5 53876.09356174 42.070
 48 301.916113 -33.002767     1.927     1.374  6 53911.09360939 24.672
 49 301.912362 -33.007511     1.420     1.382  5 53946.09362723 20.368
 50 301.916322 -33.001882     2.067     2.101  5 53981.09357327 29.174
 51 301.924033 -32.992764     0.808     0.809  5 54016.09359651 49.190
 52 301.925275 -32.988591     1.602     1.494  5 54051.09359685 16.433
 53 301.919257 -32.997896     1.090     1.096  5 54086.09358691 41.426
 54 301.915269 -33.002548    -0.470    -1.843  5 54121.09351222 24.618
 55 301.919020 -32.997890     0.821     0.770  5 54156.09354667 44.906
 56 301.917286 -33.002869     2.715     2.692  5 54191.09350959 25.094
 57 301.919929 -32.997744     7.635     6.413  5 54226.09355755 15.319
 58 301.920685 -32.998767     1.711     1.654  5 54261.09357793 16.008
 59 301.920355 -32.998008     0.926     0.937  4 54296.09358208 23.736
 60 301.920224 -32.998956     1.852     1.805  5 54331.09357337 19.696
 61 301.917242 -33.002761     1.479     1.406  5 54366.09351627 21.565
 62 301.920729 -32.996827     1.969     1.980  4 54401.09351581 21.244
 63 301.918056 -33.001583     1.241     1.281  5 54436.09347208 20.272
 64 301.923505 -32.994813     1.260     1.204  4 54471.09350040 20.545
 65 301.918098 -33.001651     0.067     0.217  5 54506.09348507 43.457
 66 301.921260 -32.997469     0.774     0.679  5 54541.09351448 20.977
 67 301.917829 -33.001674     0.761     0.776  5 54576.09348673 24.365
 68 301.920452 -32.999128     0.877     0.880  5 54611.09350674 18.995
 69 301.919598 -32.999114     0.833     0.846  4 54646.09351363 48.609
 70 301.919155 -32.999446     1.618     1.539  5 54681.09351467 17.240
 71 301.918013 -33.001401     1.502     1.536  5 54716.09346416 17.028
 72 301.920769 -32.997955     0.647     0.659  4 54751.09348638 39.845
 73 301.918950 -33.001324     2.630     2.583  5 54786.09345271 31.727
 74 301.921808 -32.996450     1.047     1.012  4 54821.09347969 17.313
 75 301.919140 -32.999536     0.598     0.526  5 54856.09345006 35.659
 76 301.917980 -32.998691     0.511     0.412  5 54891.09348298 18.352
 77 301.915886 -33.003239     0.642     0.630  5 54926.09344734 37.177
 78 301.920060 -32.998926     0.861     0.871  5 54961.09348193 46.977
 79 301.917595 -33.000100     0.594     0.556  5 54996.09350323 18.903
 80 301.919278 -32.999467     1.221     1.190  4 55031.09349245 30.341
 81 301.919701 -33.000042     1.511     1.420  5 55066.09348262 37.064
 82 301.915299 -33.003457     2.256     2.269  6 55101.09342387 26.046
 83 301.920845 -32.996937     2.128     2.051  5 55136.09342831 17.581
 84 301.918742 -33.001559     4.151     4.122  5 55171.09339013 21.986
 85 301.921105 -32.998001     2.216     2.200  4 55206.09342218 24.953
 86 301.916742 -33.001396     2.651     2.625  5 55241.09339610 27.818
 87 301.919036 -33.000163     1.671     1.637  5 55276.09341498 37.681
 88 301.917980 -33.001985     1.605     1.579  5 55311.09338067 19.548
 89 301.920037 -32.997341     2.315     2.170  5 55346.09338577 24.495
 90 301.919003 -33.000393     1.571     1.543  5 55381.09337717 22.349
 91 301.921675 -32.996738     1.716     1.700  4 55416.09340477 22.505
 92 301.919150 -32.999907     1.304     1.326  5 55451.09338885 31.937
 93 301.917338 -33.001217     1.610     1.609  6 55486.09331219 19.554
