#    0.000   0.000   0.000 ;Mean Elev.(m), Avg Gradient(m/km), RMS Gradient(m/km) - SRTM1     
#    0.000   0.000   0.000 ;Mean Elev.(m), Avg Gradient(m/km), RMS Gradient(m/km) - ASTER GDEM
#   45.538   0.420   5.128 ;Mean Elev.(m), Avg Gradient(m/km), RMS Gradient(m/km) - GMTED2010 
  8 303.117486 -29.520538    48.089    48.063  5 52489.08822657 25.152
  9 303.112931 -29.524668    47.485    47.489  4 52524.08820146 21.838
 10 303.113697 -29.522800    50.598    50.543  4 52559.08825144 49.142
 11 303.110153 -29.528062    47.653    47.660  4 52594.08825315 50.872
 12 303.121800 -29.517690    47.907    47.889  4 52629.08818205 24.620
 13 303.113838 -29.524618    45.213    45.231  4 52664.08821554 49.373
 14 303.122269 -29.516005    47.395    47.508  5 52699.08819169 18.665
 15 303.120311 -29.518852    47.860    47.876  4 52734.08821683 20.684
 16 303.110964 -29.526312    47.338    47.225  4 52769.08821348 31.050
 17 303.117557 -29.519968    47.683    47.718  4 52804.08824166 20.239
 18 303.118172 -29.519000    44.562    44.545  4 52839.08830448 50.092
 19 303.116837 -29.521145    45.906    46.127  4 52874.08834354 23.364
 21 303.124543 -29.515142    48.300    48.184  5 52944.08825569 22.594
 22 303.117689 -29.520219    48.261    48.307  4 52979.08830944 28.460
 23 303.111938 -29.524126    45.215    45.223  4 53014.08830692 49.828
 24 303.118046 -29.521389    45.748    45.433  4 53049.08827949 27.567
 25 303.108602 -29.529202    43.601    42.324  4 53084.08831350 29.906
 26 303.114354 -29.522837    46.476    45.201  4 53119.08828477 22.093
 27 303.111003 -29.524664    47.240    47.232  4 53154.08833645 20.626
 28 303.121048 -29.518595    47.054    46.908  4 53189.08832651 25.902
 29 303.116575 -29.522791    43.895    43.310  4 53224.08833992 26.151
 30 303.109750 -29.527655    46.982    47.085  3 53259.08831426 15.128
 31 303.110888 -29.527363    59.150    59.211  4 53294.08833884 17.702
 32 303.116413 -29.521902    46.079    46.001  4 53329.08831302 36.811
 33 303.116636 -29.522068    46.607    47.496  4 53364.08826466 28.147
 35 303.115672 -29.522393    42.311    42.335  4 53434.08827865 48.666
 36 303.116351 -29.522935    48.367    47.686  4 53469.08832019 26.707
 37 303.111393 -29.526176    47.547    47.508  3 53504.08836447 22.956
 38 303.114069 -29.524470    48.475    48.476  4 53539.08836275 24.446
 39 303.111392 -29.526945    47.318    47.535  4 53574.08836006 22.913
 40 303.111569 -29.526169    44.621    44.642  4 53609.08830996 49.519
 41 303.116880 -29.519619    45.654    44.990  4 53644.08831352 26.078
 42 303.110687 -29.526883    47.402    47.618  3 53679.08833001 23.139
 43 303.115630 -29.519984    45.512    45.171  4 53714.08825947 27.703
 44 303.122770 -29.516871    44.560    42.459  5 53749.08817470 23.979
 45 303.118104 -29.520295    42.276    42.424  4 53784.08820479 48.496
 46 303.114457 -29.522878    42.687    42.734  4 53819.08816574 24.926
 47 303.113442 -29.523947    46.840    46.934  5 53854.08824554 20.567
 48 303.121954 -29.517421    42.275    42.239  4 53889.08825483 24.038
 49 303.108007 -29.530300    47.158    46.918  3 53924.08832044 15.757
 50 303.108520 -29.529688    42.271    42.249  3 53959.08831155 37.501
 51 303.122161 -29.517415    50.247    50.622  5 53994.08824413 17.711
 52 303.119155 -29.519788    44.585    44.561  4 54029.08830322 44.833
 53 303.117907 -29.519879    47.023    47.024  5 54064.08829648 49.502
 54 303.113073 -29.523907    46.714    46.744  4 54099.08826236 50.655
 55 303.117674 -29.519344    44.069    44.139  4 54134.08822117 48.996
 57 303.117252 -29.521094    45.907    46.484  4 54204.08822441 20.792
 58 303.116212 -29.521055    45.883    45.879  4 54239.08825957 29.965
 59 303.115320 -29.520649    44.296    44.280  4 54274.08827741 41.013
 60 303.115902 -29.519879    46.841    46.840  4 54309.08827878 22.662
 61 303.114317 -29.522983    44.518    44.563  5 54344.08825541 50.299
 62 303.117292 -29.521887    46.726    46.740  4 54379.08821414 22.222
 63 303.114689 -29.522534    47.794    47.586  5 54414.08820338 27.201
 64 303.117644 -29.520410    47.497    47.509  5 54449.08818108 20.757
 65 303.117145 -29.520583    46.170    46.805  4 54484.08819792 29.192
 66 303.118262 -29.520127    42.646    42.721  5 54519.08819468 42.638
 67 303.113878 -29.524207    42.231    42.297  4 54554.08820892 34.333
 68 303.116562 -29.522850    46.899    46.872  4 54589.08819057 15.627
 69 303.114879 -29.522836    44.686    44.670  4 54624.08820802 49.875
 70 303.114402 -29.524609    44.977    45.027  4 54659.08821602 50.705
 71 303.114355 -29.521316    44.471    44.541  4 54694.08819716 50.569
 72 303.117080 -29.519557    45.200    45.259  4 54729.08817161 37.346
 73 303.115062 -29.521816    47.896    47.925  4 54764.08817475 49.615
 74 303.117384 -29.520864    44.097    44.213  4 54799.08816384 49.922
 75 303.114773 -29.522377    42.334    42.384  4 54834.08816551 37.321
 76 303.118452 -29.520702    45.997    46.502  4 54869.08816128 25.640
 77 303.111931 -29.524528    44.470    43.062  4 54904.08817396 35.373
 78 303.117024 -29.521421    42.068    42.101  4 54939.08815185 50.761
 79 303.115262 -29.521199    42.786    42.960  4 54974.08818354 40.886
 80 303.113833 -29.523247    45.018    44.902  4 55009.08819668 19.151
 81 303.116379 -29.522588    45.471    45.279  4 55044.08818647 15.444
 82 303.114105 -29.524637    49.146    48.765  4 55079.08816337 22.140
 83 303.116844 -29.520508    47.406    47.247  4 55114.08811937 22.196
 84 303.114789 -29.524406    48.873    48.183  4 55149.08811837 25.956
 85 303.117038 -29.519461    47.433    47.451  4 55184.08810214 48.417
 86 303.113734 -29.523279    47.769    47.744  4 55219.08811700 27.102
 87 303.118531 -29.520285    46.508    46.391  5 55254.08809758 34.445
 88 303.113095 -29.525837    46.821    47.230  4 55289.08810577 20.101
 89 303.113522 -29.522297    47.779    47.962  4 55324.08808538 20.807
 90 303.114557 -29.524410    47.302    47.325  4 55359.08808294 18.499
 91 303.116387 -29.521071    47.606    47.493  4 55394.08808708 17.426
 92 303.116681 -29.521998    44.098    44.030  4 55429.08809902 47.366
 93 303.114959 -29.524025    46.611    46.606  4 55464.08806170 47.515
