#    0.000   0.000   0.000 ;Mean Elev.(m), Avg Gradient(m/km), RMS Gradient(m/km) - SRTM1     
#    0.000   0.000   0.000 ;Mean Elev.(m), Avg Gradient(m/km), RMS Gradient(m/km) - ASTER GDEM
#    0.249   0.072   0.944 ;Mean Elev.(m), Avg Gradient(m/km), RMS Gradient(m/km) - GMTED2010 
  6 301.826978 -32.707172     2.580     2.534  7 52441.09361917 46.533
  7 301.830386 -32.702395     1.818     1.825  8 52476.09361687 21.269
 11 301.828437 -32.701740     5.107     5.102  8 52616.09358191 31.003
 19 301.831464 -32.699164     1.970     1.964  6 52896.09371752 26.442
 20 301.828402 -32.702609     1.560     1.542  9 52931.09366492 21.398
 22 301.828241 -32.702106     4.152     4.114  9 53001.09369169 34.324
 23 301.828655 -32.701106     2.100     2.103  8 53036.09364158 26.513
 25 301.827731 -32.702922     1.390     1.311  8 53106.09364203 18.046
 28 301.831428 -32.696899     0.971     0.982  5 53211.09372000 44.987
 36 301.828811 -32.702112     1.639     1.668  9 53491.09372853 52.536
 38 301.828005 -32.704360     1.938     1.945  9 53561.09373962 52.182
 41 301.831051 -32.699119     2.942     2.953  7 53666.09369609 28.417
 48 301.830647 -32.701578     1.605     1.628  8 53911.09366870 29.162
 49 301.827375 -32.707949     1.481     1.431  8 53946.09368622 24.191
 50 301.830900 -32.700679     1.794     1.745  7 53981.09363258 25.357
 54 301.829881 -32.701345     1.520     1.505  7 54121.09357153 46.109
 56 301.830958 -32.698392     2.988     2.995  7 54191.09356955 29.840
 61 301.830914 -32.698285     1.878     1.903  7 54366.09357623 21.851
 63 301.831248 -32.695467     1.726     1.727  4 54436.09353236 28.366
 65 301.831299 -32.695539     1.001     1.006  4 54506.09354535 23.900
 67 301.831496 -32.697203     1.299     1.279  5 54576.09354668 52.086
 71 301.831222 -32.695286     1.463     1.446  4 54716.09352444 27.478
 76 301.832074 -32.695853     0.991     0.991  2 54891.09354262 45.159
 77 301.830021 -32.700408     1.500     1.504  8 54926.09350697 19.150
 79 301.831684 -32.697265     0.616     0.604  4 54996.09356286 49.712
 82 301.829901 -32.702248     2.977     2.990  8 55101.09348318 27.748
 84 301.831941 -32.695446     6.675     6.675  2 55171.09345041 32.445
 86 301.831331 -32.700186     3.162     3.168  7 55241.09345541 28.871
 88 301.831645 -32.697517     1.821     1.812  5 55311.09344063 25.725
 93 301.831018 -32.696735     1.804     1.806  6 55486.09337214 26.676
