# NaN NaN NaN ;Mean Elev.(m), Avg Gradient(m/km), RMS Gradient(m/km) - SRTM1     
#    0.000   0.000   0.000 ;Mean Elev.(m), Avg Gradient(m/km), RMS Gradient(m/km) - ASTER GDEM
#    0.049  -0.072   2.522 ;Mean Elev.(m), Avg Gradient(m/km), RMS Gradient(m/km) - GMTED2010 
  6 301.880804 -32.897063     1.908     1.830  3 52441.09358178 27.353
  7 301.881419 -32.882462     1.385     1.394 10 52476.09358141 29.319
  8 301.887043 -32.872044     1.706     1.672 10 52511.09353567 20.954
  9 301.887111 -32.866888     3.688     3.699  7 52546.09355677 30.565
 10 301.885216 -32.876103     4.062     4.064 11 52581.09357756 51.682
 11 301.882700 -32.893267     4.049     3.937  5 52616.09354419 31.971
 12 301.888337 -32.862199     2.016     2.027  4 52651.09352694 26.184
 13 301.885874 -32.875288     1.328     1.392 10 52686.09351466 21.462
 14 301.884122 -32.875979     2.276     2.255 12 52721.09356477 28.138
 15 301.876356 -32.897453     1.971     1.942  4 52756.09358382 23.315
 16 301.887219 -32.866508     2.427     2.413  6 52791.09353934 49.340
 17 301.887341 -32.863622     1.519     1.520  4 52826.09360899 49.412
 18 301.887963 -32.861147     2.018     2.020  3 52861.09365508 52.052
 19 301.882489 -32.879232     1.794     1.813 12 52896.09368206 25.888
 20 301.882660 -32.894139     1.026     1.036  4 52931.09362721 28.444
 21 301.887700 -32.864160     1.852     1.896  5 52966.09362903 23.842
 22 301.882525 -32.893634     3.284     3.272  4 53001.09365398 29.838
 23 301.882916 -32.892637     2.161     2.189  5 53036.09360387 39.031
 24 301.884503 -32.875386     0.428     0.436 11 53071.09362840 18.688
 25 301.882451 -32.896092     0.960     0.861  4 53106.09360400 21.199
 26 301.886895 -32.873701     1.396     1.418 11 53141.09363609 44.994
 27 301.885385 -32.875038     0.943     0.934 11 53176.09366607 20.469
 28 301.882917 -32.878607     0.785     0.789 12 53211.09368422 21.799
 29 301.884238 -32.876214     0.827     0.811 11 53246.09365250 45.714
 30 301.885634 -32.873980     1.180     1.149 11 53281.09363809 18.382
 31 301.886278 -32.873978     2.311     2.292 11 53316.09365018 25.846
 32 301.886947 -32.874947     0.791     0.780 10 53351.09361560 31.335
 33 301.887227 -32.873297     1.238     1.254 10 53386.09360036 18.822
 34 301.888019 -32.860943     0.813     0.811  4 53421.09360620 32.423
 35 301.888447 -32.860403     0.907     0.916  3 53456.09361173 52.032
 36 301.883099 -32.893633     1.467     1.485  4 53491.09369082 47.436
 37 301.887846 -32.872500     2.885     2.907 10 53526.09367806 47.766
 38 301.882285 -32.895888     1.745     1.743  4 53561.09370191 44.884
 39 301.887051 -32.874768     0.991     1.027 10 53596.09364412 36.931
 40 301.884573 -32.876308     1.395     1.394 11 53631.09363818 23.084
 41 301.881621 -32.877550     2.461     2.534 12 53666.09366096 27.636
 42 301.886103 -32.874437     0.975     0.969 10 53701.09361243 19.392
 43 301.884869 -32.875251     0.841     0.786 11 53736.09352269 43.332
 44 301.888071 -32.861273     1.234     1.159  4 53771.09352898 14.124
 45 301.886075 -32.876669     1.096     1.051 11 53806.09351762 19.517
 47 301.887306 -32.871769     1.560     1.596  9 53876.09358624 46.034
 48 301.881690 -32.881641     1.086     1.075 10 53911.09363324 29.104
 49 301.880733 -32.896203     1.489     1.586  3 53946.09364915 33.374
 50 301.881452 -32.879113     2.243     2.237 12 53981.09359745 46.398
 51 301.887743 -32.865093     0.820     0.840  5 54016.09362165 51.275
 52 301.889009 -32.860911     1.757     1.755  3 54051.09362199 21.629
 53 301.884847 -32.876767     1.198     1.202 11 54086.09361076 44.824
 54 301.882264 -32.886328     1.330     1.297  8 54121.09353511 26.735
 55 301.884606 -32.876758     0.819     0.847 11 54156.09357053 36.455
 56 301.881495 -32.876829     2.726     2.732 12 54191.09353441 27.998
 57 301.885511 -32.876622     1.844     1.813 11 54226.09358140 16.063
 58 301.885337 -32.874368     1.270     1.353 11 54261.09360243 21.866
 59 301.885474 -32.875244     1.058     1.049 11 54296.09360626 22.710
 60 301.884887 -32.874555     1.641     1.665 11 54331.09359786 22.131
 61 301.881916 -32.878359     1.037     1.027 13 54366.09354077 22.002
 62 301.885850 -32.874060     2.105     2.087 11 54401.09353999 38.142
 63 301.883187 -32.878816     1.273     1.283 12 54436.09349625 21.438
 64 301.887225 -32.867137     1.292     1.250  6 54471.09352554 18.299
 65 301.882769 -32.877249     0.982     1.002 11 54506.09350957 28.095
 66 301.886380 -32.874705     0.747     0.737 10 54541.09353866 40.207
 67 301.882964 -32.878910     0.879     0.884 12 54576.09351090 20.189
 68 301.885107 -32.874725     0.574     0.597 11 54611.09353123 19.552
 69 301.884716 -32.876349     0.768     0.781 11 54646.09353780 39.985
 70 301.884276 -32.876683     1.579     1.586 12 54681.09353884 20.845
 71 301.883152 -32.878634     1.512     1.498 12 54716.09348834 22.699
 72 301.885884 -32.875188     0.750     0.767 11 54751.09351055 49.384
 73 301.883614 -32.876922     2.828     2.835 11 54786.09347720 30.521
 74 301.886920 -32.873686     1.231     1.230 11 54821.09350386 18.476
 75 301.884269 -32.876768     0.761     0.767 12 54856.09347423 43.103
 76 301.883564 -32.877563     0.573     0.595 11 54891.09350684 25.210
 77 301.881953 -32.883748     0.746     0.760 10 54926.09347087 24.682
 78 301.884708 -32.874527     0.799     0.816 11 54961.09350643 52.084
 79 301.882712 -32.877337     0.484     0.463 12 54996.09352740 22.060
 80 301.884398 -32.876703     1.275     1.288 11 55031.09351663 21.453
 81 301.884363 -32.875641     1.579     1.619 11 55066.09350712 48.179
 82 301.881830 -32.885598     2.572     2.574  8 55101.09344708 30.859
 83 301.886425 -32.875811     1.788     1.782 11 55136.09345216 22.933
 84 301.883410 -32.877157     5.297     5.292 11 55171.09341463 28.754
 85 301.886223 -32.875238     2.159     2.130 11 55206.09344635 28.001
 86 301.881875 -32.878626     2.884     2.905 12 55241.09342028 30.256
 87 301.884160 -32.877401     1.683     1.682 12 55276.09343915 26.505
 88 301.882649 -32.877586     1.608     1.588 11 55311.09340517 21.734
 89 301.885624 -32.876210     2.171     2.182 11 55346.09340962 28.387
 90 301.883664 -32.875992     1.235     1.214 11 55381.09340167 23.676
 91 301.886789 -32.873975     1.809     1.814 11 55416.09342895 25.735
 92 301.884277 -32.877140     1.406     1.408 12 55451.09341303 24.773
 93 301.882017 -32.876813     1.460     1.476 12 55486.09333668 25.085
