#    0.000   0.000   0.000 ;Mean Elev.(m), Avg Gradient(m/km), RMS Gradient(m/km) - SRTM1     
#    0.000   0.000   0.000 ;Mean Elev.(m), Avg Gradient(m/km), RMS Gradient(m/km) - ASTER GDEM
#   86.257  -9.518  26.143 ;Mean Elev.(m), Avg Gradient(m/km), RMS Gradient(m/km) - GMTED2010 
 10 304.796559 -27.861104    86.079    86.176  4 52562.55748970 39.960
 12 304.792285 -27.863412    85.466    85.454  6 52632.55745216 36.164
 14 304.800844 -27.858491    84.809    85.694  4 52702.55744256 35.372
 15 304.798841 -27.859478    80.402    80.416  4 52737.55748395 47.881
 18 304.792827 -27.863650    82.031    82.337  5 52842.55756618 40.927
 19 304.792553 -27.863507    83.097    82.901  6 52877.55760458 39.978
 21 304.797131 -27.860264    82.343    81.906  5 52947.55751965 37.849
 23 304.797314 -27.861093    82.101    81.529  4 53017.55754969 43.652
 24 304.796334 -27.861315    79.716    79.447  4 53052.55753050 32.378
 25 304.788468 -27.866004    79.373    79.241  5 53087.55756824 37.982
 28 304.801288 -27.857784    84.224    83.200  3 53192.55758610 41.984
 30 304.797424 -27.855274    81.707    81.707  2 53262.55755799 33.327
 31 304.782158 -27.871823    83.182    83.171  4 53297.55759924 39.319
 33 304.802678 -27.856609    79.884    79.854  4 53367.55751214 49.535
 35 304.800143 -27.858311    80.606    80.622  4 53437.55753003 37.675
 36 304.789051 -27.866665    82.693    82.683  7 53472.55758573 39.713
 37 304.793104 -27.863292    83.633    83.604  6 53507.55761298 39.859
 38 304.791708 -27.864330    86.963    87.066  6 53542.55762188 39.795
 39 304.795745 -27.861089    84.194    84.167  4 53577.55760711 41.093
 40 304.796498 -27.860220    83.641    84.028  5 53612.55755915 22.405
 42 304.789554 -27.866679    82.140    81.846  6 53682.55758138 42.470
 43 304.802576 -27.856984    81.665    81.510  3 53717.55750643 44.873
 44 304.800055 -27.858691    81.975    82.162  3 53752.55742678 26.219
 45 304.801843 -27.856931    81.534    81.108  4 53787.55745651 44.300
 46 304.795180 -27.859417    80.428    79.771  4 53822.55741131 15.366
 50 304.789089 -27.867272    83.372    83.617  7 53962.55756206 27.815
 51 304.794579 -27.857527    81.567    81.567  2 53997.55750526 27.773
 52 304.797114 -27.859463    81.999    81.833  3 54032.55755661 28.023
 55 304.794720 -27.857468    81.995    82.051  3 54137.55747843 34.559
 56 304.797025 -27.860622    81.902    81.526  5 54172.55748787 42.407
 57 304.791771 -27.864206    83.904    83.740  5 54207.55748499 42.319
 58 304.796284 -27.861162    86.572    86.485  5 54242.55751642 39.356
 60 304.797809 -27.859379    82.838    82.888  4 54312.55753084 43.558
 61 304.799911 -27.858586    82.901    81.856  3 54347.55750250 42.775
 63 304.797528 -27.859959    84.150    83.379  5 54417.55745244 41.394
 65 304.798592 -27.858003    80.554    80.631  3 54487.55744968 11.834
 66 304.796854 -27.858017    81.140    81.070  3 54522.55745073 26.991
 67 304.798876 -27.856890    81.403    81.403  2 54557.55745902 45.037
 68 304.795060 -27.860888    82.694    82.620  5 54592.55744710 41.574
 69 304.796221 -27.860146    85.349    85.418  5 54627.55746272 39.774
 70 304.792918 -27.863212    82.174    82.100  5 54662.55747055 40.954
 71 304.800324 -27.857843    83.560    83.512  4 54697.55744407 39.199
 72 304.793536 -27.862138    82.000    82.224  5 54732.55742747 40.679
 75 304.796386 -27.860807    80.957    80.954  4 54837.55741714 44.371
 76 304.791909 -27.868014    79.695    79.695  2 54872.55742171 44.435
 77 304.796985 -27.860079    78.989    79.014  5 54907.55742432 15.615
 78 304.792784 -27.862728    79.311    79.215  6 54942.55741245 49.411
 80 304.795610 -27.861828    82.333    82.476  5 55012.55744794 42.101
 81 304.796404 -27.860724    87.205    87.136  4 55047.55743953 39.296
 83 304.795095 -27.860773    84.790    84.846  5 55117.55737222 40.307
 84 304.795882 -27.860611    85.566    85.460  5 55152.55736923 38.462
 85 304.792654 -27.862807    82.711    82.591  6 55187.55735957 40.509
 86 304.795803 -27.861632    82.849    82.851  4 55222.55736868 42.204
 88 304.798575 -27.859301    80.671    80.720  3 55292.55735501 11.584
 89 304.792930 -27.863862    84.222    84.230  5 55327.55733956 41.907
 90 304.797402 -27.859236    82.569    81.981  4 55362.55733473 37.815
 91 304.793374 -27.862811    84.422    84.464  6 55397.55734295 40.143
 92 304.797612 -27.862100    80.195    80.149  3 55432.55735019 47.169
 93 304.801379 -27.857965    84.250    84.200  3 55467.55730839 41.745
