#    0.000   0.000   0.000 ;Mean Elev.(m), Avg Gradient(m/km), RMS Gradient(m/km) - SRTM1     
#    0.000   0.000   0.000 ;Mean Elev.(m), Avg Gradient(m/km), RMS Gradient(m/km) - ASTER GDEM
#   86.257  -9.518  26.143 ;Mean Elev.(m), Avg Gradient(m/km), RMS Gradient(m/km) - GMTED2010 
 10    86.575 52562.55748873 40.19 304.797854 -27.856182 18.186
 10    86.838 52562.55748937 39.94 304.796994 -27.859462 18.186
 10    85.778 52562.55749002 40.61 304.796124 -27.862742 18.186
 10    85.124 52562.55749066 38.93 304.795264 -27.866032 18.186
 12    86.353 52632.55745055 35.15 304.794439 -27.855201 17.069
 12    86.258 52632.55745119 35.87 304.793579 -27.858491 17.069
 12    85.013 52632.55745184 36.58 304.792719 -27.861771 17.069
 12    85.758 52632.55745248 37.13 304.791859 -27.865051 17.069
 12    84.915 52632.55745313 36.19 304.790989 -27.868341 17.069
 12    84.499 52632.55745377 35.79 304.790129 -27.871621 17.069
 14    85.736 52702.55744159 36.80 304.802134 -27.853571 15.969
 14    85.653 52702.55744224 36.53 304.801274 -27.856851 15.969
 14    85.856 52702.55744288 33.39 304.800414 -27.860131 15.969
 14    81.992 52702.55744353 33.64 304.799554 -27.863411 15.969
 15    80.444 52737.55748298 47.96 304.800134 -27.854550  9.893
 15    80.566 52737.55748362 47.89 304.799274 -27.857840  9.893
 15    80.389 52737.55748427 48.60 304.798414 -27.861120  9.893
 15    80.211 52737.55748491 46.91 304.797544 -27.864400  9.893
 18    82.382 52842.55756490 41.20 304.794549 -27.857080 22.022
 18    83.029 52842.55756554 40.70 304.793689 -27.860370 22.022
 18    82.337 52842.55756618 42.12 304.792829 -27.863650 22.022
 18    81.110 52842.55756683 41.22 304.791969 -27.866930 22.022
 18    81.297 52842.55756747 38.71 304.791099 -27.870210 22.022
 19    83.596 52877.55760297 41.32 304.794708 -27.855302 17.193
 19    82.946 52877.55760361 41.54 304.793848 -27.858582 17.193
 19    83.422 52877.55760426 40.58 304.792988 -27.861862 17.193
 19    82.518 52877.55760490 40.10 304.792118 -27.865152 17.193
 19    82.483 52877.55760555 38.99 304.791258 -27.868432 17.193
 19    83.615 52877.55760619 33.63 304.790398 -27.871712 17.193
 21    82.080 52947.55751836 38.05 304.798852 -27.853695 18.755
 21    84.524 52947.55751900 37.10 304.797992 -27.856975 18.755
 21    81.992 52947.55751965 38.57 304.797132 -27.860265 18.755
 21    81.676 52947.55752029 37.46 304.796262 -27.863545 18.755
 21    81.445 52947.55752094 37.92 304.795402 -27.866825 18.755
 23    83.987 53017.55754872 43.80 304.798610 -27.856173 13.591
 23    81.522 53017.55754937 45.40 304.797740 -27.859453 13.591
 23    81.535 53017.55755001 43.56 304.796884 -27.862732 12.610
 23    81.361 53017.55755066 40.56 304.796024 -27.866012 12.610
 24    80.654 53052.55752953 26.37 304.797628 -27.856394  9.425
 24    79.317 53052.55753018 29.02 304.796762 -27.859669 14.577
 24    79.422 53052.55753082 32.45 304.795902 -27.862959 14.577
 24    79.471 53052.55753147 35.94 304.795042 -27.866239 14.577
 25    80.031 53087.55756695 30.04 304.790188 -27.859439 18.024
 25    79.248 53087.55756760 39.19 304.789328 -27.862719 18.024
 25    79.505 53087.55756824 38.02 304.788468 -27.866009 18.024
 25    78.985 53087.55756889 40.96 304.787608 -27.869289 18.024
 25    79.095 53087.55756953 35.18 304.786748 -27.872569 18.024
 28    86.481 53192.55758545 41.98 304.802155 -27.854504 18.671
 28    82.992 53192.55758610 42.60 304.801285 -27.857784 18.671
 28    83.200 53192.55758674 41.27 304.800425 -27.861064 18.671
 30    82.116 53262.55755767 34.00 304.797854 -27.853629 10.139
 30    81.297 53262.55755831 32.53 304.796994 -27.856919 10.139
 31    83.789 53297.55759828 38.16 304.783453 -27.866898 21.175
 31    83.716 53297.55759892 40.22 304.782593 -27.870178 21.175
 31    82.597 53297.55759957 39.22 304.781723 -27.873468 21.175
 31    82.626 53297.55760021 39.43 304.780863 -27.876748 21.175
 33    79.783 53367.55751118 45.04 304.803974 -27.851685  8.825
 33    80.244 53367.55751182 49.77 304.803113 -27.854964 17.560
 33    79.925 53367.55751247 50.77 304.802243 -27.858254 17.560
 33    79.583 53367.55751311 50.54 304.801383 -27.861534 17.560
 35    80.752 53437.55752907 42.22 304.801441 -27.853384 15.716
 35    80.900 53437.55752971 37.65 304.800571 -27.856674 15.716
 35    80.492 53437.55753036 28.06 304.799711 -27.859954 15.716
 35    80.279 53437.55753100 24.53 304.798851 -27.863234 15.716
 36    84.350 53472.55758379 38.35 304.791639 -27.856819 23.377
 36    83.928 53472.55758444 40.53 304.790779 -27.860099 23.377
 36    83.314 53472.55758508 39.92 304.789909 -27.863379 23.377
 36    82.235 53472.55758573 40.27 304.789049 -27.866669 23.377
 36    82.068 53472.55758637 40.04 304.788189 -27.869949 23.377
 36    81.940 53472.55758702 38.26 304.787329 -27.873229 23.377
 36    81.014 53472.55758766 40.06 304.786459 -27.876509 23.377
 37    83.884 53507.55761137 39.39 304.795259 -27.855082 16.169
 37    83.421 53507.55761201 42.49 304.794399 -27.858372 16.169
 37    84.007 53507.55761265 41.07 304.793539 -27.861652 16.169
 37    83.548 53507.55761330 40.40 304.792669 -27.864932 16.169
 37    83.639 53507.55761394 37.43 304.791809 -27.868212 16.169
 37    83.301 53507.55761459 33.73 304.790949 -27.871502 16.169
 38    87.992 53542.55762026 38.55 304.793866 -27.856125 20.753
 38    87.479 53542.55762091 38.83 304.792996 -27.859405 20.753
 38    87.251 53542.55762155 39.97 304.792136 -27.862685 20.753
 38    87.043 53542.55762220 40.76 304.791276 -27.865975 20.753
 38    86.681 53542.55762284 40.44 304.790416 -27.869255 20.753
 38    85.333 53542.55762349 39.79 304.789556 -27.872535 20.753
 39    84.685 53577.55760614 41.37 304.797042 -27.856169 18.074
 39    84.236 53577.55760679 40.59 304.796172 -27.859449 18.074
 39    83.757 53577.55760743 41.90 304.795312 -27.862729 18.074
 39    84.098 53577.55760808 40.33 304.794452 -27.866009 18.074
 40    83.802 53612.55755786 15.65 304.798226 -27.853655 10.239
 40    84.367 53612.55755850 17.00 304.797356 -27.856935 10.239
 40    83.750 53612.55755915 19.72 304.796496 -27.860225 10.239
 40    84.317 53612.55755979 22.55 304.795636 -27.863505 10.239
 40    81.971 53612.55756044 27.07 304.794776 -27.866785 10.239
 42    83.675 53682.55757976 42.26 304.791711 -27.858470 14.379
 42    82.338 53682.55758041 44.16 304.790851 -27.861750 14.379
 42    82.012 53682.55758105 42.89 304.789981 -27.865040 14.379
 42    81.646 53682.55758170 42.52 304.789121 -27.868320 14.379
 42    81.351 53682.55758234 41.81 304.788260 -27.871598 16.638
 42    81.821 53682.55758299 40.25 304.787400 -27.874888 16.638
 43    82.121 53717.55750578 44.89 304.803436 -27.853701 17.721
 43    81.363 53717.55750643 45.55 304.802576 -27.856981 17.721
 43    81.510 53717.55750707 44.05 304.801716 -27.860271 17.721
 44    81.463 53752.55742614 20.66 304.800922 -27.855411 15.213
 44    82.162 53752.55742678 23.65 304.800052 -27.858691 15.213
 44    82.300 53752.55742743 29.58 304.799192 -27.861971 15.213
 45    80.989 53787.55745554 44.41 304.803133 -27.852004 18.226
 45    83.318 53787.55745618 43.64 304.802273 -27.855294 18.226
 45    81.226 53787.55745683 43.81 304.801413 -27.858574 18.226
 45    80.601 53787.55745747 45.17 304.800553 -27.861854 18.226
 46    82.557 53822.55741034 13.72 304.796478 -27.854490  6.567
 46    79.881 53822.55741099 14.65 304.795608 -27.857780  6.567
 46    79.615 53822.55741163 15.34 304.794748 -27.861060  6.567
 46    79.661 53822.55741228 17.05 304.793888 -27.864340  6.567
 50    82.749 53962.55756013 28.68 304.791679 -27.857426  9.616
 50    84.058 53962.55756077 27.75 304.790809 -27.860706  9.616
 50    84.198 53962.55756142 28.49 304.789949 -27.863986  9.616
 50    83.617 53962.55756206 28.15 304.789089 -27.867276  9.616
 50    82.516 53962.55756271 29.96 304.788229 -27.870556  9.616
 50    82.805 53962.55756335 25.34 304.787369 -27.873836  9.616
 50    83.663 53962.55756400 23.16 304.786499 -27.877116  9.616
 51    81.897 53997.55750494 29.18 304.795009 -27.855887  9.820
 51    81.237 53997.55750558 25.68 304.794149 -27.859167  9.820
 52    81.833 54032.55755597 27.97 304.797981 -27.856183 13.980
 52    81.683 54032.55755661 27.08 304.797111 -27.859463 13.980
 52    82.482 54032.55755726 28.84 304.796251 -27.862743 13.980
 55    82.438 54137.55747778 32.21 304.795580 -27.854188 11.682
 55    82.051 54137.55747843 36.39 304.794720 -27.857468 11.682
 55    81.496 54137.55747907 34.07 304.793860 -27.860748 11.682
 56    82.293 54172.55748658 42.33 304.798750 -27.854054 10.971
 56    83.462 54172.55748723 42.00 304.797890 -27.857344 10.971
 56    81.192 54172.55748787 45.03 304.797025 -27.860622 14.298
 56    81.141 54172.55748852 41.59 304.796165 -27.863902 14.298
 56    81.424 54172.55748916 38.93 304.795295 -27.867192 14.298
 57    84.270 54207.55748370 42.34 304.793493 -27.857641 22.056
 57    85.084 54207.55748435 42.98 304.792633 -27.860921 22.056
 57    83.368 54207.55748499 42.64 304.791773 -27.864211 22.056
 57    83.588 54207.55748564 41.91 304.790913 -27.867491 22.056
 57    83.208 54207.55748628 41.58 304.790043 -27.870771 22.056
 58    88.138 54242.55751513 37.68 304.798012 -27.854594 11.515
 58    87.936 54242.55751577 39.15 304.797142 -27.857884 11.515
 58    86.485 54242.55751642 39.82 304.796282 -27.861160 18.339
 58    85.650 54242.55751706 40.28 304.795422 -27.864450 18.339
 58    84.652 54242.55751771 39.43 304.794562 -27.867730 18.339
 60    83.490 54312.55752987 43.47 304.799106 -27.854458 11.201
 60    83.033 54312.55753052 43.30 304.798236 -27.857738 11.201
 60    82.744 54312.55753116 44.69 304.797377 -27.861016 13.987
 60    82.087 54312.55753181 42.48 304.796517 -27.864306 13.987
 61    85.103 54347.55750186 40.72 304.800774 -27.855299 12.666
 61    81.856 54347.55750250 43.92 304.799914 -27.858589 12.666
 61    81.742 54347.55750315 43.09 304.799044 -27.861869 12.666
 63    87.853 54417.55745115 39.90 304.799250 -27.853399 14.549
 63    83.261 54417.55745180 40.64 304.798390 -27.856679 14.549
 63    83.707 54417.55745244 42.97 304.797530 -27.859959 14.549
 63    83.064 54417.55745309 41.83 304.796670 -27.863239 14.549
 63    82.867 54417.55745373 40.97 304.795800 -27.866529 14.549
 65    80.965 54487.55744904 11.97 304.799452 -27.854720  4.397
 65    80.631 54487.55744968 11.77 304.798592 -27.858000  4.397
 65    80.067 54487.55745033 11.76 304.797732 -27.861290  4.397
 66    81.591 54522.55745009 26.25 304.797721 -27.854737 16.023
 66    81.070 54522.55745073 27.51 304.796851 -27.858017 16.023
 66    80.760 54522.55745138 27.12 304.795991 -27.861297 16.023
 67    81.443 54557.55745870 43.96 304.799308 -27.855251 11.264
 67    81.363 54557.55745934 45.90 304.798444 -27.858530 15.657
 68    84.074 54592.55744581 38.75 304.796789 -27.854324 21.484
 68    82.337 54592.55744646 43.42 304.795929 -27.857604 21.484
 68    82.620 54592.55744710 42.78 304.795059 -27.860884 21.484
 68    82.468 54592.55744774 40.93 304.794199 -27.864174 21.484
 68    81.972 54592.55744839 40.42 304.793339 -27.867454 21.484
 69    86.527 54627.55746143 38.09 304.797949 -27.853586 15.021
 69    85.375 54627.55746207 39.66 304.797079 -27.856866 15.021
 69    85.691 54627.55746272 41.26 304.796219 -27.860146 15.021
 69    84.844 54627.55746336 40.12 304.795359 -27.863426 15.021
 69    84.311 54627.55746401 39.10 304.794499 -27.866716 15.021
 70    82.303 54662.55746926 41.20 304.794639 -27.856652 21.663
 70    82.283 54662.55746991 42.00 304.793779 -27.859932 21.663
 70    81.853 54662.55747055 42.65 304.792919 -27.863212 21.663
 70    82.534 54662.55747120 40.20 304.792049 -27.866492 21.663
 70    81.898 54662.55747184 36.41 304.791189 -27.869782 21.663
 71    84.337 54697.55744310 36.93 304.801615 -27.852916 11.116
 71    84.146 54697.55744374 38.48 304.800755 -27.856206 11.116
 71    82.879 54697.55744439 40.28 304.799895 -27.859486 11.116
 71    82.879 54697.55744503 40.26 304.799030 -27.862764 11.955
 72    82.836 54732.55742618 40.23 304.795265 -27.855573 20.543
 72    81.644 54732.55742683 42.84 304.794405 -27.858853 20.543
 72    82.359 54732.55742747 40.45 304.793535 -27.862133 20.543
 72    81.550 54732.55742812 40.47 304.792675 -27.865423 20.543
 72    81.613 54732.55742876 38.10 304.791815 -27.868703 20.543
 75    81.117 54837.55741617 45.61 304.797679 -27.855880 17.985
 75    80.804 54837.55741682 44.78 304.796819 -27.859170 17.985
 75    80.969 54837.55741746 43.78 304.795959 -27.862450 17.985
 75    80.939 54837.55741811 42.81 304.795089 -27.865730 17.985
 76    79.328 54872.55742138 45.55 304.792344 -27.866369 21.195
 76    80.063 54872.55742203 42.93 304.791474 -27.869659 21.195
 77    78.901 54907.55742303 14.14 304.798710 -27.853517  3.554
 77    78.962 54907.55742368 14.60 304.797847 -27.856798  6.905
 77    79.141 54907.55742432 15.39 304.796987 -27.860078  6.905
 77    78.825 54907.55742497 16.47 304.796117 -27.863368  6.905
 77    79.118 54907.55742561 16.85 304.795257 -27.866648  6.905
 78    79.573 54942.55741084 46.52 304.794942 -27.854523 22.619
 78    79.696 54942.55741149 51.07 304.794072 -27.857803 22.619
 78    79.290 54942.55741213 50.11 304.793212 -27.861083 22.619
 78    79.487 54942.55741278 51.28 304.792352 -27.864373 22.619
 78    78.981 54942.55741342 49.49 304.791492 -27.867653 22.619
 78    78.839 54942.55741407 44.03 304.790632 -27.870933 22.619
 80    81.781 55012.55744665 43.53 304.797339 -27.855258 16.728
 80    82.390 55012.55744729 42.93 304.796479 -27.858548 16.728
 80    82.624 55012.55744794 43.06 304.795609 -27.861828 16.728
 80    82.321 55012.55744858 40.81 304.794749 -27.865108 16.728
 80    82.549 55012.55744923 38.23 304.793889 -27.868388 16.728
 81    87.432 55047.55743856 38.96 304.797697 -27.855797 17.297
 81    87.769 55047.55743920 39.04 304.796837 -27.859087 17.297
 81    86.841 55047.55743985 40.44 304.795977 -27.862367 17.297
 81    86.778 55047.55744049 38.49 304.795107 -27.865647 17.297
 83    85.037 55117.55737093 38.63 304.796816 -27.854213 16.900
 83    84.516 55117.55737157 41.09 304.795956 -27.857493 16.900
 83    85.515 55117.55737222 41.30 304.795096 -27.860773 16.900
 83    84.223 55117.55737286 40.35 304.794226 -27.864053 16.900
 83    84.657 55117.55737351 39.63 304.793366 -27.867343 16.900
 84    86.700 55152.55736794 37.35 304.797608 -27.854051  7.924
 84    85.616 55152.55736859 38.94 304.796738 -27.857331  7.924
 84    85.327 55152.55736923 39.22 304.795880 -27.860610 15.182
 84    85.362 55152.55736988 38.64 304.795020 -27.863890 15.182
 84    84.824 55152.55737052 37.89 304.794160 -27.867180 15.182
 85    83.847 55187.55735796 40.34 304.794810 -27.854602 19.755
 85    83.660 55187.55735860 40.19 304.793950 -27.857882 19.755
 85    82.850 55187.55735925 41.45 304.793080 -27.861162 19.755
 85    83.047 55187.55735989 41.41 304.792220 -27.864452 19.755
 85    81.568 55187.55736054 40.82 304.791360 -27.867732 19.755
 85    81.294 55187.55736118 38.01 304.790500 -27.871012 19.755
 86    83.190 55222.55736772 41.62 304.797101 -27.856712 19.044
 86    82.872 55222.55736836 43.69 304.796231 -27.859992 19.044
 86    82.505 55222.55736901 42.37 304.795371 -27.863272 19.044
 86    82.830 55222.55736965 40.52 304.794511 -27.866552 19.044
 88    81.032 55292.55735436 10.74 304.799440 -27.856015  4.517
 88    80.720 55292.55735501 11.40 304.798570 -27.859305  4.517
 88    80.261 55292.55735565 12.44 304.797716 -27.862584  5.246
 89    84.743 55327.55733827 42.37 304.794659 -27.857302 23.203
 89    84.442 55327.55733892 42.64 304.793799 -27.860582 23.203
 89    84.230 55327.55733956 41.70 304.792929 -27.863862 23.203
 89    84.311 55327.55734021 42.02 304.792069 -27.867142 23.203
 89    83.382 55327.55734085 40.50 304.791209 -27.870432 23.203
 90    82.065 55362.55733376 38.94 304.798697 -27.854308 17.639
 90    84.852 55362.55733441 37.17 304.797837 -27.857598 17.639
 90    81.462 55362.55733505 38.73 304.796967 -27.860878 17.639
 90    81.897 55362.55733570 35.65 304.796107 -27.864158 17.639
 91    85.906 55397.55734134 39.05 304.795529 -27.854607 19.755
 91    84.656 55397.55734199 41.41 304.794669 -27.857887 19.755
 91    84.307 55397.55734263 40.42 304.793809 -27.861167 19.755
 91    84.368 55397.55734328 40.48 304.792939 -27.864447 19.755
 91    84.273 55397.55734392 40.08 304.792079 -27.867737 19.755
 91    83.022 55397.55734457 38.90 304.791219 -27.871017 19.755
 92    80.357 55432.55734954 46.96 304.798472 -27.858813 13.455
 92    80.149 55432.55735019 48.62 304.797612 -27.862103 13.455
 92    80.077 55432.55735083 45.30 304.796752 -27.865383 13.455
 93    84.200 55467.55730774 42.93 304.802239 -27.854679  9.983
 93    83.980 55467.55730839 41.92 304.801379 -27.857969  9.983
 93    84.570 55467.55730903 39.84 304.800518 -27.861246 12.505
