#    0.000   0.000   0.000 ;Mean Elev.(m), Avg Gradient(m/km), RMS Gradient(m/km) - SRTM1     
#    0.000   0.000   0.000 ;Mean Elev.(m), Avg Gradient(m/km), RMS Gradient(m/km) - ASTER GDEM
#   39.627  -1.406   6.406 ;Mean Elev.(m), Avg Gradient(m/km), RMS Gradient(m/km) - GMTED2010 
  6 302.541961 -30.094738    40.857    40.860  6 52438.09013567 30.132
  7 302.544773 -30.089844    39.603    39.718  5 52473.09013665 45.922
  8 302.547374 -30.085553    40.188    40.201  6 52508.09010788 47.912
  9 302.554685 -30.068672    44.426    44.360  4 52543.09009460 49.388
 11 302.544848 -30.090425    42.457    42.455  6 52613.09010643 48.735
 12 302.549221 -30.077613    39.859    39.957  5 52648.09009154 48.495
 13 302.550958 -30.074470    39.655    39.634  4 52683.09006711 48.450
 14 302.547077 -30.086669    40.871    40.807  6 52718.09012204 47.878
 15 302.539121 -30.104135    38.047    37.973  5 52753.09014337 45.313
 16 302.549229 -30.078126    39.206    39.256  5 52788.09009437 49.174
 17 302.549176 -30.077249    39.030    39.025  4 52823.09016616 49.268
 18 302.550881 -30.076590    41.938    42.043  4 52858.09021290 24.268
 19 302.545946 -30.089658    37.783    37.742  6 52893.09024221 47.809
 20 302.543368 -30.091131    38.367    38.357  6 52928.09019301 48.590
 21 302.553924 -30.072307    41.332    41.153  4 52963.09017294 22.472
 22 302.545205 -30.089586    44.056    44.162  6 52998.09020893 35.858
 23 302.544011 -30.089400    40.491    40.631  6 53033.09016480 24.858
 24 302.549514 -30.079125    37.915    37.587  4 53068.09017948 45.001
 25 302.543163 -30.091871    42.198    42.922  6 53103.09016604 24.529
 26 302.550309 -30.074579    39.314    38.959  4 53138.09018424 17.752
 27 302.547222 -30.084824    37.686    37.768  7 53173.09022622 34.038
 28 302.546257 -30.087373    39.405    39.319  5 53208.09024115 44.913
 29 302.548122 -30.081596    37.650    37.731  6 53243.09020951 48.757
 30 302.550841 -30.081431    40.122    40.122  2 53278.09018533 16.032
 31 302.547090 -30.086093    39.523    39.497  6 53313.09021513 47.229
 32 302.548274 -30.081409    41.538    41.561  6 53348.09018165 24.529
 33 302.550190 -30.076388    37.485    37.774  4 53383.09015029 47.160
 34 302.552251 -30.072374    39.284    39.368  4 53418.09016252 31.063
 35 302.552048 -30.073829    41.263    41.515  3 53453.09016490 22.053
 36 302.543388 -30.093708    39.800    39.744  6 53488.09024656 33.147
 37 302.549507 -30.080382    42.048    42.120  5 53523.09023877 49.111
 38 302.542742 -30.094679    39.776    39.809  7 53558.09026200 46.748
 39 302.550790 -30.077463    38.028    38.038  4 53593.09020183 48.859
 40 302.547010 -30.087370    40.657    40.695  6 53628.09019138 20.866
 41 302.546367 -30.086518    41.379    41.370  6 53663.09021626 48.470
 42 302.547106 -30.084206    40.182    40.240  6 53698.09017907 24.170
 43 302.548537 -30.083410    37.646    37.666  6 53733.09010175 47.902
 44 302.552384 -30.073547    38.708    38.250  4 53768.09008245 19.563
 45 302.548748 -30.080865    37.491    37.469  6 53803.09007934 29.539
 46 302.549522 -30.079252    37.479    37.768  4 53838.09009462 49.172
 47 302.548813 -30.081935    36.904    37.300  5 53873.09014413 45.771
 48 302.545703 -30.088772    37.576    37.698  6 53908.09018515 47.793
 49 302.541780 -30.097955    41.058    41.258  6 53943.09020898 28.578
 50 302.544686 -30.090269    37.406    37.344  5 53978.09016177 45.535
 51 302.551655 -30.076326    42.062    42.117  4 54013.09017356  8.682
 52 302.552656 -30.074243    38.834    38.711  3 54048.09018273 37.302
 54 302.545198 -30.088601    38.023    37.969  6 54118.09010293 48.931
 55 302.547083 -30.085047    38.458    37.642  6 54153.09012738 37.750
 57 302.547993 -30.083302    39.649    39.665  6 54223.09013714 49.624
 58 302.547975 -30.084402    38.845    38.884  7 54258.09015947 49.148
 59 302.548709 -30.081735    38.828    38.866  5 54293.09016247 49.242
 60 302.548594 -30.082441    40.858    40.887  5 54328.09015731 21.976
 61 302.546075 -30.089665    38.151    38.158  6 54363.09010451 45.720
 62 302.549143 -30.078039    41.808    41.794  4 54398.09009793 48.882
 63 302.547423 -30.084262    39.326    39.230  6 54433.09005479 44.898
 64 302.550466 -30.076600    41.992    42.147  4 54468.09008052 24.980
 66 302.548754 -30.080984    40.616    41.705  6 54538.09009505 28.139
 67 302.547045 -30.086200    37.986    38.040  6 54573.09007169 49.775
 68 302.548182 -30.084237    37.671    37.668  7 54608.09008839 49.050
 69 302.547057 -30.083943    38.466    38.450  6 54643.09009652 48.964
 70 302.547484 -30.085849    41.679    41.608  6 54678.09009785 29.442
 71 302.547252 -30.086290    40.830    40.743  6 54713.09005117 19.419
 72 302.548143 -30.082838    38.442    38.415  6 54748.09006780 27.192
 73 302.548482 -30.084624    42.786    42.736  6 54783.09003760 39.174
 74 302.548965 -30.080821    38.280    38.433  5 54818.09006028 46.813
 75 302.548038 -30.085511    41.828    41.688  6 54853.09003539 29.631
 76 302.547260 -30.085249    38.075    37.739  6 54888.09006413 39.393
 77 302.544146 -30.089093    40.058    41.025  6 54923.09003416 27.843
 78 302.548329 -30.084344    36.853    36.926  7 54958.09006154 48.427
 79 302.546144 -30.087042    37.725    37.853  6 54993.09008378 43.423
 80 302.547636 -30.084007    38.796    38.836  6 55028.09007409 49.633
 81 302.547830 -30.082956    40.431    40.383  6 55063.09006683 20.348
 82 302.544853 -30.090864    41.701    41.724  6 55098.09001222 28.408
 83 302.548912 -30.084067    40.035    40.059  6 55133.09000992 48.486
 84 302.548476 -30.084666    45.272    45.357  6 55168.08997498 36.252
 85 302.548644 -30.084496    41.882    41.930  6 55203.09000281 29.050
 86 302.546460 -30.088280    38.758    38.775  6 55238.08998227 46.048
 87 302.547712 -30.084285    37.947    37.984  6 55273.08999586 48.025
 88 302.546503 -30.086804    37.689    37.851  7 55308.08996535 46.842
 89 302.548554 -30.081911    42.256    42.418  6 55343.08996666 48.194
 90 302.547536 -30.085021    39.261    39.231  7 55378.08995967 48.141
 91 302.548902 -30.079691    41.860    41.847  5 55413.08998503 23.705
 92 302.547740 -30.082994    39.763    39.730  6 55448.08997439 49.692
 93 302.546019 -30.087468    39.292    39.291  6 55483.08990184 40.971
