#    0.000   0.000   0.000 ;Mean Elev.(m), Avg Gradient(m/km), RMS Gradient(m/km) - SRTM1     
#    0.000   0.000   0.000 ;Mean Elev.(m), Avg Gradient(m/km), RMS Gradient(m/km) - ASTER GDEM
#   50.824  -0.940   5.911 ;Mean Elev.(m), Avg Gradient(m/km), RMS Gradient(m/km) - GMTED2010 
  7 303.671633 -28.930396    47.532    47.517  3 52470.08636821 49.157
  9 303.679560 -28.921897    54.508    54.538  3 52540.08633587 50.870
 11 303.673076 -28.929611    50.508    50.390  3 52610.08634029 32.588
 12 303.674912 -28.926382    48.275    48.298  3 52645.08633100 51.958
 13 303.677488 -28.924433    46.594    46.519  3 52680.08630778 42.357
 15 303.663233 -28.935752    45.677    45.658  3 52750.08637980 37.155
 16 303.675967 -28.926695    46.318    46.305  4 52785.08632405 47.061
 17 303.675241 -28.926111    46.695    46.678  3 52820.08639944 43.714
 18 303.677261 -28.925840    46.575    46.557  4 52855.08644771 49.317
 20 303.669993 -28.929152    46.348    46.265  3 52925.08643357 32.260
 21 303.681393 -28.919604    47.040    47.028  4 52960.08640221 49.925
 22 303.675276 -28.927891    54.302    54.294  3 52995.08643479 49.104
 23 303.671799 -28.927670    46.300    46.281  3 53030.08639871 29.619
 24 303.678696 -28.924131    46.162    46.280  4 53065.08640650 41.728
 25 303.667813 -28.932379    45.514    45.514  2 53100.08641144 33.840
 26 303.679874 -28.921182    46.488    46.485  3 53135.08640733 52.849
 28 303.672921 -28.929610    47.457    47.500  3 53205.08647498 41.171
 29 303.676529 -28.925758    45.910    45.881  4 53240.08644328 39.600
 31 303.671613 -28.930130    48.247    48.296  3 53310.08645720 52.264
 32 303.673789 -28.929399    46.703    46.712  3 53345.08642331 41.379
 34 303.678309 -28.923067    45.857    45.729  3 53415.08640161 45.578
 35 303.678743 -28.922654    46.139    46.160  3 53450.08639513 51.061
 36 303.668936 -28.931880    60.571    60.571  2 53485.08647887 25.533
 37 303.675079 -28.926476    51.858    51.866  3 53520.08647609 48.547
 38 303.667781 -28.931852    49.054    49.054  2 53555.08649845 50.913
 39 303.677440 -28.923744    46.458    46.471  4 53590.08644268 46.799
 40 303.671666 -28.928085    50.530    50.857  3 53625.08642281 22.050
 41 303.673444 -28.927041    52.796    53.269  3 53660.08644932 31.044
 42 303.672080 -28.928213    46.606    46.593  3 53695.08642306 42.776
 43 303.674190 -28.927580    46.164    46.184  3 53730.08634606 37.591
 44 303.681110 -28.920450    46.687    46.653  4 53765.08631353 50.883
 45 303.675812 -28.927440    46.210    46.256  3 53800.08631735 45.463
 46 303.677914 -28.923890    46.214    46.280  3 53835.08631970 44.035
 47 303.674833 -28.929307    45.774    45.742  3 53870.08637902 42.902
 48 303.672389 -28.927732    45.924    45.962  3 53905.08641455 39.432
 49 303.665759 -28.933296    44.879    44.879  2 53940.08644652 26.338
 50 303.669836 -28.930644    45.929    45.929  2 53975.08640497 19.686
 51 303.678483 -28.923470    46.984    46.993  3 54010.08640284 50.655
 52 303.680302 -28.923089    49.201    46.741  3 54045.08642045 19.496
 53 303.673056 -28.929068    46.700    46.716  3 54080.08641227 40.439
 54 303.671011 -28.929405    46.423    46.462  3 54115.08634741 33.318
 56 303.671850 -28.930100    46.465    46.448  3 54185.08633816 43.006
 57 303.675055 -28.928677    49.636    49.606  3 54220.08636956 49.209
 58 303.674036 -28.928673    47.529    47.472  3 54255.08639418 47.952
 59 303.675605 -28.926609    55.167    53.776  4 54290.08639697 21.112
 60 303.675512 -28.926744    47.230    47.241  3 54325.08639410 38.647
 61 303.671813 -28.928355    46.076    46.102  3 54360.08634763 28.598
 62 303.676136 -28.927216    51.667    51.666  3 54395.08633407 34.410
 63 303.674021 -28.927167    48.226    48.226  3 54430.08629769 48.469
 64 303.676972 -28.925003    46.714    46.808  3 54465.08631428 35.635
 65 303.674721 -28.928517    46.113    46.113  3 54500.08630916 34.726
 66 303.675964 -28.926479    47.056    46.232  4 54535.08632839 33.053
 67 303.673300 -28.930052    50.835    50.745  3 54570.08631198 21.408
 68 303.674586 -28.927754    46.422    46.389  4 54605.08632317 44.913
 69 303.672932 -28.927037    46.798    46.862  3 54640.08633293 44.013
 70 303.673290 -28.928768    48.027    46.558  3 54675.08633484 28.317
 71 303.673905 -28.927260    46.752    46.790  3 54710.08629205 45.320
 72 303.675188 -28.928892    46.597    46.592  3 54745.08630222 41.799
 73 303.675042 -28.926863    52.961    52.947  3 54780.08627544 28.489
 74 303.675944 -28.926456    46.812    46.893  3 54815.08629531 45.181
 75 303.673885 -28.928817    51.510    51.511  3 54850.08627445 19.421
 76 303.674562 -28.928839    46.174    46.134  3 54885.08629885 39.874
 77 303.669503 -28.929407    45.696    45.748  3 54920.08627533 38.593
 78 303.674534 -28.927599    45.656    45.622  4 54955.08629461 26.507
 79 303.672705 -28.930419    46.338    46.341  3 54990.08631799 38.023
 80 303.674368 -28.926609    47.261    47.246  3 55025.08630947 45.545
 81 303.674435 -28.927809    50.484    50.406  4 55060.08630361 27.642
 82 303.671351 -28.930714    52.361    52.353  3 55095.08625520 50.583
 83 303.674610 -28.926534    49.541    49.376  3 55130.08624543 23.671
 84 303.674820 -28.928735    54.415    54.441  3 55165.08621664 44.935
 85 303.674718 -28.927507    46.702    46.677  4 55200.08623739 43.893
 86 303.672052 -28.928370    46.708    46.701  3 55235.08622267 43.894
 87 303.674447 -28.926133    46.636    46.683  3 55270.08623145 38.551
 88 303.672636 -28.928084    46.131    46.129  3 55305.08620367 21.048
 89 303.674679 -28.927472    53.019    53.114  3 55340.08620389 24.664
 90 303.674247 -28.927267    53.194    53.115  3 55375.08619547 21.056
 91 303.676336 -28.926252    51.387    51.512  4 55410.08621762 23.538
 92 303.674233 -28.926549    47.532    47.572  3 55445.08621247 49.553
 93 303.672020 -28.928090    47.680    47.710  3 55480.08614706 43.154
