#    0.000   0.000   0.000 ;Mean Elev.(m), Avg Gradient(m/km), RMS Gradient(m/km) - SRTM1     
#    0.000   0.000   0.000 ;Mean Elev.(m), Avg Gradient(m/km), RMS Gradient(m/km) - ASTER GDEM
#    0.143   0.641   3.844 ;Mean Elev.(m), Avg Gradient(m/km), RMS Gradient(m/km) - GMTED2010 
  6     1.798 52441.09355857 27.63 301.914299 -33.014908 21.871
  6     1.771 52441.09355921 20.63 301.913369 -33.011638 21.871
  6     1.792 52441.09355986 20.97 301.912439 -33.008368 21.871
  6     1.735 52441.09356050 22.44 301.911509 -33.005088 21.871
  6     2.126 52441.09356115 24.09 301.910579 -33.001818 21.871
  7     1.904 52476.09355594 16.67 301.918168 -33.011775  9.200
  7     1.662 52476.09355659 17.35 301.917238 -33.008495  9.200
  7     1.481 52476.09355723 18.78 301.916308 -33.005225  9.200
  7     1.691 52476.09355788 19.36 301.915378 -33.001955  9.200
  7     1.577 52476.09355852 21.22 301.914448 -32.998675  9.200
  7     1.852 52476.09355917 21.71 301.913508 -32.995405  9.200
  8     2.058 52511.09351020 16.89 301.923775 -33.001355 23.177
  8     1.990 52511.09351085 15.88 301.922845 -32.998085 23.177
  8     1.774 52511.09351149 17.31 301.921905 -32.994805 23.177
  8     2.465 52511.09351213 17.95 301.920975 -32.991535 23.177
  9     3.327 52546.09353034 33.22 301.925254 -33.001105 19.968
  9     3.188 52546.09353098 28.19 301.924324 -32.997835 19.968
  9     3.024 52546.09353163 25.37 301.923394 -32.994565 19.968
  9     3.316 52546.09353227 23.06 301.922464 -32.991285 19.968
  9     3.563 52546.09353292 33.95 301.921536 -32.988015 43.672
 10     3.724 52581.09355242 51.58 301.921495 -33.003774 38.702
 10     3.781 52581.09355306 50.51 301.920565 -33.000504 38.702
 10     3.760 52581.09355371 53.50 301.919635 -32.997234 38.702
 10     3.694 52581.09355435 46.08 301.918705 -32.993954 38.702
 11     3.722 52616.09352099 31.02 301.916186 -33.011128 31.138
 11     3.552 52616.09352163 30.79 301.915256 -33.007848 31.138
 11     3.542 52616.09352227 30.99 301.914316 -33.004578 31.138
 11     3.613 52616.09352292 30.13 301.913386 -33.001308 31.138
 11     4.122 52616.09352356 32.33 301.912456 -32.998028 31.138
 12     1.913 52651.09350019 23.84 301.926936 -32.998056 21.725
 12     1.631 52651.09350083 22.50 301.926006 -32.994786 21.725
 12     1.464 52651.09350147 21.03 301.925076 -32.991506 21.725
 12     1.762 52651.09350212 18.45 301.924146 -32.988236 21.725
 12     2.153 52651.09350276 19.11 301.923216 -32.984966 21.725
 13     1.737 52686.09348920 22.02 301.922603 -33.004601 14.411
 13     1.703 52686.09348984 18.79 301.921673 -33.001331 14.411
 13     1.417 52686.09349049 16.90 301.920743 -32.998051 14.411
 13     1.568 52686.09349113 16.24 301.919813 -32.994781 14.411
 13     1.847 52686.09349177 15.63 301.918883 -32.991511 14.411
 14     2.065 52721.09353930 27.96 301.920867 -33.005296 11.790
 14     1.906 52721.09353995 24.59 301.919937 -33.002016 11.790
 14     1.801 52721.09354059 24.01 301.919007 -32.998746 11.790
 14     1.902 52721.09354124 23.96 301.918077 -32.995476 11.790
 14     2.184 52721.09354188 24.16 301.917147 -32.992196 11.790
 15     1.364 52756.09356029 50.54 301.910311 -33.016941 27.064
 15     2.528 52756.09356093 39.28 301.909381 -33.013671 27.064
 15     1.921 52756.09356158 38.35 301.908441 -33.010391 27.064
 15     2.556 52756.09356222 25.01 301.907511 -33.007121 27.064
 16     2.365 52791.09351323 44.05 301.924906 -32.999086 27.001
 16     2.063 52791.09351388 29.46 301.923976 -32.995816 27.001
 16     2.358 52791.09351452 26.51 301.923046 -32.992546 27.001
 16     2.408 52791.09351517 33.16 301.922106 -32.989266 27.001
 17     1.573 52826.09358224 34.34 301.925952 -32.999476 15.868
 17     1.402 52826.09358288 36.41 301.925022 -32.996206 15.868
 17     1.424 52826.09358353 38.02 301.924092 -32.992926 15.868
 17     1.421 52826.09358417 44.42 301.923152 -32.989656 15.868
 17     1.438 52826.09358482 46.86 301.922222 -32.986386 15.868
 18     2.394 52861.09362801 49.76 301.927037 -32.998639 22.649
 18     2.401 52861.09362865 49.34 301.926107 -32.995369 22.649
 18     2.445 52861.09362929 49.11 301.925177 -32.992099 22.649
 18     2.347 52861.09362994 49.69 301.924237 -32.988819 22.649
 18     2.353 52861.09363058 50.08 301.923307 -32.985549 22.649
 19     1.786 52896.09365659 41.65 301.919225 -33.008539 22.225
 19     1.787 52896.09365724 25.39 301.918295 -33.005269 22.225
 19     1.604 52896.09365788 24.59 301.917365 -33.001999 22.225
 19     1.552 52896.09365853 23.99 301.916435 -32.998719 22.225
 19     1.771 52896.09365917 24.20 301.915505 -32.995449 22.225
 20     1.623 52931.09360368 16.44 301.916606 -33.013630 11.829
 20     1.174 52931.09360432 17.75 301.915666 -33.010360 11.829
 20     1.112 52931.09360497 18.39 301.914736 -33.007080 11.829
 20     1.575 52931.09360561 17.30 301.913806 -33.003810 11.829
 20     1.934 52931.09360626 17.98 301.912876 -33.000540 11.829
 20     1.770 52931.09360690 24.34 301.911946 -32.997260 11.829
 21     1.820 52966.09360260 19.53 301.925845 -32.998381 22.575
 21     1.589 52966.09360325 18.51 301.924915 -32.995111 22.575
 21     1.508 52966.09360389 19.63 301.923985 -32.991831 22.575
 21     1.661 52966.09360454 20.80 301.923055 -32.988561 22.575
 21     1.772 52966.09360518 24.35 301.922125 -32.985291 22.575
 22     3.025 53001.09363045 31.45 301.916483 -33.013125 26.737
 22     2.822 53001.09363109 28.27 301.915553 -33.009845 26.737
 22     2.733 53001.09363174 27.95 301.914623 -33.006575 26.737
 22     2.898 53001.09363238 27.37 301.913693 -33.003305 26.737
 22     3.199 53001.09363302 28.49 301.912763 -33.000025 26.737
 22     3.496 53001.09363367 29.94 301.911823 -32.996755 26.737
 23     2.110 53036.09358066 22.63 301.916391 -33.010491 25.010
 23     2.064 53036.09358130 21.22 301.915461 -33.007221 25.010
 23     2.206 53036.09358195 21.58 301.914531 -33.003951 25.010
 23     2.503 53036.09358259 24.08 301.913601 -33.000671 25.010
 23     2.752 53036.09358324 41.95 301.912671 -32.997401 25.010
 24     0.738 53071.09360261 15.90 301.921712 -33.006331  9.896
 24     0.843 53071.09360325 13.84 301.920782 -33.003061  9.896
 24     0.739 53071.09360390 13.94 301.919852 -32.999791  9.896
 24     0.721 53071.09360454 14.92 301.918922 -32.996511  9.896
 24     0.830 53071.09360519 16.72 301.917992 -32.993241  9.896
 25     1.424 53106.09358111 26.18 301.915464 -33.012311 13.643
 25     1.250 53106.09358175 23.23 301.914524 -33.009031 13.643
 25     1.047 53106.09358240 21.06 301.913594 -33.005761 13.643
 25     0.962 53106.09358304 20.60 301.912664 -33.002491 13.643
 25     1.543 53106.09358369 21.62 301.911734 -32.999211 13.643
 26     1.251 53141.09361094 38.42 301.923184 -33.001374 27.747
 26     1.439 53141.09361159 47.90 301.922244 -32.998094 27.747
 26     1.439 53141.09361223 47.25 301.921314 -32.994824 27.747
 26     1.397 53141.09361288 51.41 301.920384 -32.991554 27.747
 27     1.375 53176.09364093 21.12 301.921664 -33.002717 18.685
 27     1.233 53176.09364158 19.51 301.920734 -32.999437 18.685
 27     1.095 53176.09364222 18.96 301.919804 -32.996167 18.685
 27     1.244 53176.09364287 19.17 301.918874 -32.992887 18.685
 28     1.708 53211.09365875 20.72 301.919657 -33.007918 18.230
 28     1.148 53211.09365940 21.00 301.918727 -33.004648 18.230
 28     1.166 53211.09366004 19.12 301.917797 -33.001368 18.230
 28     1.501 53211.09366069 19.05 301.916867 -32.998098 18.230
 28     1.664 53211.09366133 18.40 301.915937 -32.994818 18.230
 29     1.189 53246.09362671 48.70 301.921435 -33.007161 37.263
 29     0.986 53246.09362735 52.67 301.920505 -33.003891 37.263
 29     1.053 53246.09362800 47.42 301.919575 -33.000611 37.263
 29     1.035 53246.09362864 51.50 301.918645 -32.997341 37.263
 29     1.073 53246.09362929 51.85 301.917715 -32.994071 37.263
 30     1.618 53281.09361230 22.41 301.922860 -33.004923 10.283
 30     1.479 53281.09361295 18.95 301.921920 -33.001653 10.283
 30     1.311 53281.09361359 18.05 301.920990 -32.998373 10.283
 30     1.081 53281.09361424 18.62 301.920060 -32.995103 10.283
 30     1.186 53281.09361488 18.10 301.919130 -32.991833 10.283
 31     2.317 53316.09362504 24.77 301.922557 -33.001654 19.251
 31     1.994 53316.09362568 23.76 301.921627 -32.998384 19.251
 31     2.092 53316.09362632 22.91 301.920697 -32.995104 19.251
 31     2.427 53316.09362697 23.41 301.919767 -32.991834 19.251
 32     0.625 53351.09359078 14.85 301.922747 -33.000987 13.942
 32     0.679 53351.09359143 14.50 301.921817 -32.997717 13.942
 32     0.763 53351.09359207 15.96 301.920887 -32.994437 13.942
 32     0.889 53351.09359272 24.80 301.919957 -32.991167 13.942
 33     1.367 53386.09357490 29.34 301.923986 -33.002605  9.085
 33     1.316 53386.09357554 21.50 301.923056 -32.999335  9.085
 33     1.132 53386.09357619 20.10 301.922116 -32.996055  9.085
 33     1.020 53386.09357683 19.83 301.921186 -32.992785  9.085
 33     1.491 53386.09357748 29.64 301.920256 -32.989515  9.085
 34     0.832 53421.09357945 47.71 301.926615 -32.996803 10.597
 34     0.546 53421.09358009 27.16 301.925685 -32.993533 10.597
 34     0.510 53421.09358074 20.98 301.924755 -32.990253 10.597
 34     0.726 53421.09358138 22.54 301.923825 -32.986983 10.597
 34     0.773 53421.09358203 24.43 301.922895 -32.983713 10.597
 35     0.970 53456.09358465 46.33 301.927531 -32.997893 14.226
 35     0.566 53456.09358530 33.55 301.926591 -32.994623 14.226
 35     0.507 53456.09358594 20.91 301.925661 -32.991343 14.226
 35     0.751 53456.09358659 23.81 301.924731 -32.988073 14.226
 35     0.882 53456.09358723 23.22 301.923801 -32.984803 14.226
 36     1.590 53491.09366729 49.74 301.917061 -33.013116 32.869
 36     1.381 53491.09366793 52.37 301.916131 -33.009846 32.869
 36     1.505 53491.09366858 51.14 301.915201 -33.006576 32.869
 36     1.380 53491.09366922 49.77 301.914271 -33.003296 32.869
 36     1.458 53491.09366987 38.60 301.913341 -33.000026 32.869
 36     1.552 53491.09367051 35.93 301.912411 -32.996756 32.869
 37     3.079 53526.09365260 47.18 301.924585 -33.001814 23.407
 37     3.108 53526.09365324 49.57 301.923655 -32.998534 23.407
 37     3.087 53526.09365389 48.85 301.922725 -32.995264 23.407
 37     3.019 53526.09365453 49.52 301.921795 -32.991994 23.407
 37     2.362 53526.09365518 47.80 301.920865 -32.988714 23.407
 38     1.730 53561.09367902 50.50 301.915307 -33.012102 32.055
 38     1.706 53561.09367967 49.61 301.914377 -33.008832 32.055
 38     1.580 53561.09368031 44.46 301.913447 -33.005562 32.055
 38     1.284 53561.09368096 32.49 301.912517 -33.002282 32.055
 38     1.883 53561.09368160 33.97 301.911587 -32.999012 32.055
 39     0.289 53596.09361930 48.88 301.922849 -33.000805 22.426
 39     0.398 53596.09361994 22.44 301.921919 -32.997535 22.426
 39     0.729 53596.09362059 21.03 301.920989 -32.994255 22.426
 39     1.062 53596.09362123 36.77 301.920059 -32.990985 22.426
 40     1.434 53631.09361304 35.96 301.920873 -33.003974 15.835
 40     1.336 53631.09361369 23.25 301.919943 -33.000704 15.835
 40     1.247 53631.09361433 23.00 301.919003 -32.997434 15.835
 40     1.457 53631.09361498 22.74 301.918073 -32.994154 15.835
 41     2.175 53666.09363485 25.08 301.919295 -33.010132 22.802
 41     2.089 53666.09363549 23.77 301.918365 -33.006862 22.802
 41     1.810 53666.09363614 23.85 301.917435 -33.003592 22.802
 41     1.905 53666.09363678 24.04 301.916505 -33.000312 22.802
 41     2.131 53666.09363743 23.57 301.915575 -32.997042 22.802
 41     2.239 53666.09363807 25.60 301.914645 -32.993772 22.802
 42     1.101 53701.09358696 24.42 301.922833 -33.003746 14.840
 42     0.676 53701.09358761 17.16 301.921903 -33.000476 14.840
 42     0.859 53701.09358825 16.13 301.920973 -32.997206 14.840
 42     0.966 53701.09358890 16.01 301.920043 -32.993926 14.840
 42     1.263 53701.09358954 21.52 301.919113 -32.990656 14.840
 43     1.417 53736.09349690 28.43 301.922058 -33.006208 26.485
 43     1.031 53736.09349755 43.18 301.921118 -33.002928 26.485
 43     1.042 53736.09349819 41.89 301.920188 -32.999658 26.485
 43     0.707 53736.09349884 22.42 301.919258 -32.996388 26.485
 43     0.856 53736.09349948 22.20 301.918328 -32.993108 26.485
 44     1.118 53771.09350287 14.85 301.925739 -32.993861 12.472
 44     1.183 53771.09350352 15.96 301.924809 -32.990591 12.472
 44     1.305 53771.09350416 18.14 301.923879 -32.987311 12.472
 44     1.358 53771.09350481 19.95 301.922949 -32.984041 12.472
 45     1.063 53806.09349247 36.01 301.922335 -33.004345 12.171
 45     1.162 53806.09349312 18.18 301.921405 -33.001075 12.171
 45     1.053 53806.09349376 16.77 301.920475 -32.997795 12.171
 45     1.069 53806.09349441 15.63 301.919545 -32.994525 12.171
 45     1.173 53806.09349505 16.38 301.918615 -32.991255 12.171
 47     1.459 53876.09356045 41.07 301.924517 -33.002720 16.953
 47     1.568 53876.09356110 46.07 301.923587 -32.999440 16.953
 47     1.571 53876.09356174 42.50 301.922657 -32.996170 16.953
 47     1.583 53876.09356239 34.69 301.921727 -32.992890 16.953
 47     1.568 53876.09356303 38.17 301.920797 -32.989620 16.953
 48     4.460 53911.09360778 24.20 301.918443 -33.010947 19.413
 48     1.131 53911.09360842 25.23 301.917513 -33.007677 19.413
 48     1.217 53911.09360907 25.15 301.916583 -33.004407 19.413
 48     1.353 53911.09360971 24.73 301.915643 -33.001127 19.413
 48     1.617 53911.09361036 24.31 301.914713 -32.997857 19.413
 48     1.782 53911.09361100 24.29 301.913783 -32.994587 19.413
 49     0.708 53946.09362594 19.10 301.914224 -33.014056 22.108
 49     1.270 53946.09362659 18.31 301.913294 -33.010786 22.108
 49     1.292 53946.09362723 20.93 301.912364 -33.007506 22.108
 49     1.775 53946.09362788 20.85 301.911434 -33.004236 22.108
 49     2.056 53946.09362852 21.75 301.910494 -33.000966 22.108
 50     1.987 53981.09357198 20.91 301.918184 -33.008427 31.236
 50     1.923 53981.09357263 20.58 301.917254 -33.005157 31.236
 50     1.954 53981.09357327 20.70 301.916324 -33.001887 31.236
 50     2.257 53981.09357392 21.20 301.915394 -32.998607 31.236
 50     2.216 53981.09357456 35.62 301.914454 -32.995337 31.236
 51     1.084 54016.09359522 45.74 301.925893 -32.999309 19.980
 51     0.604 54016.09359586 52.35 301.924963 -32.996039 19.980
 51     0.802 54016.09359651 47.65 301.924033 -32.992769 19.980
 51     0.934 54016.09359715 47.82 301.923103 -32.989489 19.980
 51     0.617 54016.09359779 49.39 301.922173 -32.986219 19.980
 52     1.751 54051.09359556 13.32 301.927143 -32.995141 13.599
 52     1.393 54051.09359621 14.71 301.926203 -32.991861 13.599
 52     1.476 54051.09359685 16.13 301.925273 -32.988591 13.599
 52     1.595 54051.09359750 17.66 301.924343 -32.985311 13.599
 52     1.796 54051.09359814 18.42 301.923413 -32.982041 13.599
 53     1.177 54086.09358562 36.89 301.921119 -33.004446 27.758
 53     0.961 54086.09358626 24.72 301.920189 -33.001166 27.758
 53     1.093 54086.09358691 32.81 301.919259 -32.997896 27.758
 53     1.160 54086.09358755 40.91 301.918329 -32.994626 27.758
 53     1.058 54086.09358820 46.99 301.917389 -32.991346 27.758
 54     0.896 54121.09351093 22.80 301.917129 -33.009101 10.129
 54    -3.456 54121.09351158 25.31 301.916199 -33.005821 10.129
 54    -2.071 54121.09351222 25.23 301.915269 -33.002551 10.129
 54     0.906 54121.09351287 25.21 301.914339 -32.999271 10.129
 54     1.378 54121.09351351 24.02 301.913409 -32.996001 10.129
 55     0.826 54156.09354538 51.46 301.920888 -33.004436 33.458
 55     0.880 54156.09354603 41.24 301.919948 -33.001166 33.458
 55     0.726 54156.09354667 25.61 301.919018 -32.997886 33.458
 55     0.741 54156.09354732 25.82 301.918088 -32.994616 33.458
 55     0.932 54156.09354796 28.56 301.917158 -32.991346 33.458
 56     2.828 54191.09350830 25.97 301.919154 -33.009419 19.190
 56     2.722 54191.09350895 25.11 301.918214 -33.006139 19.190
 56     2.588 54191.09350959 24.85 301.917284 -33.002869 19.190
 56     2.662 54191.09351024 24.29 301.916354 -32.999599 19.190
 56     2.776 54191.09351088 25.08 301.915424 -32.996319 19.190
 57     4.627 54226.09355626 16.84 301.921789 -33.004294  3.566
 57    10.065 54226.09355690 14.96 301.920859 -33.001014  3.566
 57     6.338 54226.09355755 15.00 301.919929 -32.997744  3.566
 57     9.164 54226.09355819 14.78 301.918999 -32.994474  3.566
 57     7.981 54226.09355884 14.60 301.918069 -32.991194  3.566
 58     1.894 54261.09357664 17.15 301.922545 -33.005317 10.494
 58     1.600 54261.09357729 15.19 301.921615 -33.002037 10.494
 58     1.688 54261.09357793 15.60 301.920685 -32.998767 10.494
 58     1.659 54261.09357858 15.68 301.919755 -32.995497 10.494
 58     1.713 54261.09357922 16.15 301.918825 -32.992217 10.494
 59     1.133 54296.09358111 21.21 301.921750 -33.002918  9.312
 59     0.945 54296.09358176 23.30 301.920820 -32.999648  9.312
 59     0.930 54296.09358240 23.00 301.919890 -32.996368  9.312
 59     0.694 54296.09358305 26.02 301.918960 -32.993098  9.312
 60     2.048 54331.09357208 21.45 301.922084 -33.005503 14.869
 60     1.920 54331.09357272 18.16 301.921154 -33.002233 14.869
 60     1.814 54331.09357337 19.09 301.920224 -32.998953 14.869
 60     1.659 54331.09357401 19.38 301.919294 -32.995683 14.869
 60     1.818 54331.09357465 19.70 301.918364 -32.992403 14.869
 61     1.641 54366.09351498 21.65 301.919110 -33.009311 12.485
 61     1.400 54366.09351563 20.78 301.918170 -33.006031 12.485
 61     1.202 54366.09351627 21.99 301.917240 -33.002761 12.485
 61     1.412 54366.09351692 21.98 301.916310 -32.999491 12.485
 61     1.740 54366.09351756 21.31 301.915380 -32.996211 12.485
 62     2.082 54401.09351485 21.01 301.922129 -33.001737 25.454
 62     1.751 54401.09351549 21.12 301.921199 -32.998467 25.454
 62     1.879 54401.09351614 21.10 301.920259 -32.995187 25.454
 62     2.163 54401.09351678 21.71 301.919329 -32.991917 25.454
 63     1.364 54436.09347079 18.54 301.919918 -33.008133 10.133
 63     1.331 54436.09347143 21.14 301.918988 -33.004853 10.133
 63     1.281 54436.09347208 19.75 301.918058 -33.001583 10.133
 63     1.111 54436.09347272 20.48 301.917128 -32.998313 10.133
 63     1.118 54436.09347337 20.96 301.916188 -32.995033 10.133
 64     1.502 54471.09349943 19.94 301.924900 -32.999726  6.209
 64     1.269 54471.09350007 20.12 301.923970 -32.996446  6.209
 64     1.131 54471.09350072 20.95 301.923040 -32.993176  6.209
 64     1.139 54471.09350136 21.06 301.922110 -32.989906  6.209
 65    -0.615 54506.09348378 27.74 301.919958 -33.008196 21.690
 65    -0.553 54506.09348442 30.22 301.919028 -33.004926 21.690
 65    -0.660 54506.09348507 31.22 301.918098 -33.001656 21.690
 65     1.130 54506.09348571 41.81 301.917168 -32.998376 21.690
 65     1.033 54506.09348636 49.67 301.916238 -32.995106 21.690
 66     0.799 54541.09351319 26.76 301.923120 -33.004015  8.638
 66     0.699 54541.09351384 16.01 301.922190 -33.000745  8.638
 66     0.660 54541.09351448 14.71 301.921260 -32.997465  8.638
 66     0.660 54541.09351513 15.03 301.920330 -32.994195  8.638
 66     1.054 54541.09351577 17.04 301.919400 -32.990925  8.638
 67     1.031 54576.09348544 29.87 301.919689 -33.008224 13.956
 67     0.843 54576.09348608 23.33 301.918759 -33.004944 13.956
 67     0.777 54576.09348673 17.63 301.917829 -33.001674 13.956
 67     0.627 54576.09348737 17.97 301.916899 -32.998404 13.956
 67     0.529 54576.09348802 17.75 301.915969 -32.995124 13.956
 68     1.030 54611.09350545 24.75 301.922314 -33.005674  8.139
 68     0.961 54611.09350609 14.47 301.921384 -33.002404  8.139
 68     0.880 54611.09350674 12.73 301.920454 -32.999124  8.139
 68     0.754 54611.09350738 14.10 301.919524 -32.995854  8.139
 68     0.761 54611.09350803 14.11 301.918584 -32.992584  8.139
 69     0.875 54646.09351266 47.69 301.920993 -33.004024 18.285
 69     0.817 54646.09351331 44.89 301.920063 -33.000754 18.285
 69     0.881 54646.09351395 48.23 301.919133 -32.997474 18.285
 69     0.759 54646.09351460 51.28 301.918203 -32.994204 18.285
 70     1.898 54681.09351338 16.41 301.921015 -33.005991 17.046
 70     1.466 54681.09351402 18.29 301.920085 -33.002721 17.046
 70     1.539 54681.09351467 15.91 301.919155 -32.999451 17.046
 70     1.588 54681.09351531 17.70 301.918225 -32.996171 17.046
 70     1.599 54681.09351596 17.46 301.917295 -32.992901 17.046
 71     1.684 54716.09346287 16.87 301.919873 -33.007951 12.275
 71     1.436 54716.09346352 17.95 301.918943 -33.004671 12.275
 71     1.392 54716.09346416 16.10 301.918013 -33.001401 12.275
 71     1.511 54716.09346481 16.98 301.917083 -32.998121 12.275
 71     1.486 54716.09346545 17.04 301.916153 -32.994851 12.275
 72     0.654 54751.09348541 45.83 301.922171 -33.002870 18.013
 72     0.737 54751.09348606 22.98 301.921231 -32.999590 18.013
 72     0.532 54751.09348670 18.30 301.920301 -32.996320 18.013
 72     0.663 54751.09348735 16.73 301.919371 -32.993040 18.013
 73     2.868 54786.09345142 37.36 301.920810 -33.007874 26.724
 73     2.819 54786.09345206 29.26 301.919880 -33.004594 26.724
 73     2.575 54786.09345271 26.34 301.918950 -33.001324 26.724
 73     2.428 54786.09345335 25.32 301.918020 -32.998054 26.724
 73     2.461 54786.09345399 25.82 301.917090 -32.994774 26.724
 74     1.522 54821.09347872 16.85 301.923206 -33.001362 11.980
 74     1.039 54821.09347936 16.66 301.922276 -32.998082 11.980
 74     0.645 54821.09348001 17.42 301.921346 -32.994812 11.980
 74     0.984 54821.09348065 18.16 301.920406 -32.991542 11.980
 75     0.754 54856.09344877 42.51 301.921000 -33.006081 19.186
 75     0.533 54856.09344941 25.88 301.920070 -33.002811 19.186
 75     0.502 54856.09345006 18.59 301.919140 -32.999531 19.186
 75     0.519 54856.09345070 17.08 301.918210 -32.996261 19.186
 75     0.682 54856.09345135 18.41 301.917280 -32.992991 19.186
 76     0.841 54891.09348169 18.30 301.919840 -33.005241 14.269
 76     0.445 54891.09348234 17.78 301.918910 -33.001961 14.269
 76     0.407 54891.09348298 17.65 301.917980 -32.998691 14.269
 76     0.378 54891.09348363 18.91 301.917050 -32.995421 14.269
 76     0.482 54891.09348427 18.95 301.916120 -32.992141 14.269
 77     0.892 54926.09344605 43.81 301.917746 -33.009785 17.446
 77     0.847 54926.09344669 30.09 301.916816 -33.006515 17.446
 77     0.630 54926.09344734 26.15 301.915886 -33.003235 17.446
 77     0.517 54926.09344798 25.38 301.914956 -32.999965 17.446
 77     0.322 54926.09344863 24.51 301.914026 -32.996695 17.446
 78     0.859 54961.09348064 45.05 301.921922 -33.005472 19.824
 78     1.072 54961.09348129 48.65 301.920992 -33.002202 19.824
 78     0.871 54961.09348193 47.64 301.920062 -32.998922 19.824
 78     0.728 54961.09348258 48.63 301.919132 -32.995652 19.824
 78     0.773 54961.09348322 41.14 301.918192 -32.992382 19.824
 79     0.773 54996.09350194 21.25 301.919455 -33.006650 18.748
 79     0.749 54996.09350258 17.76 301.918525 -33.003370 18.748
 79     0.470 54996.09350323 17.53 301.917595 -33.000100 18.748
 79     0.447 54996.09350387 18.50 301.916665 -32.996830 18.748
 79     0.532 54996.09350452 18.32 301.915735 -32.993550 18.748
 80     1.517 55031.09349149 34.30 301.920673 -33.004377 10.501
 80     1.204 55031.09349213 29.20 301.919743 -33.001107 10.501
 80     1.175 55031.09349277 26.54 301.918813 -32.997827 10.501
 80     0.987 55031.09349342 25.47 301.917883 -32.994557 10.501
 81     1.716 55066.09348133 43.84 301.921561 -33.006587 22.046
 81     1.423 55066.09348198 28.53 301.920631 -33.003317 22.046
 81     1.417 55066.09348262 23.37 301.919701 -33.000047 22.046
 81     1.312 55066.09348326 20.74 301.918771 -32.996767 22.046
 81     1.688 55066.09348391 22.30 301.917841 -32.993497 22.046
 82     2.215 55101.09342226 28.66 301.917624 -33.011642 19.801
 82     2.135 55101.09342290 24.06 301.916694 -33.008372 19.801
 82     1.988 55101.09342355 22.30 301.915764 -33.005092 19.801
 82     2.209 55101.09342419 21.94 301.914834 -33.001822 19.801
 82     2.494 55101.09342483 24.14 301.913904 -32.998542 19.801
 82     2.492 55101.09342548 29.24 301.912974 -32.995272 19.801
 83     1.931 55136.09342702 20.91 301.922707 -33.003487 15.396
 83     2.102 55136.09342767 16.09 301.921777 -33.000207 15.396
 83     1.970 55136.09342831 15.30 301.920847 -32.996937 15.396
 83     2.111 55136.09342896 16.39 301.919917 -32.993667 15.396
 83     2.528 55136.09342960 16.54 301.918977 -32.990397 15.396
 84     3.677 55171.09338884 24.77 301.920602 -33.008109 17.795
 84     3.771 55171.09338949 21.94 301.919672 -33.004829 17.795
 84     4.264 55171.09339013 20.82 301.918742 -33.001559 17.795
 84     4.455 55171.09339077 20.36 301.917812 -32.998279 17.795
 84     4.590 55171.09339142 20.18 301.916882 -32.995009 17.795
 85     2.283 55206.09342121 29.12 301.922508 -33.002908 18.780
 85     2.118 55206.09342185 22.94 301.921568 -32.999638 18.780
 85     1.956 55206.09342250 21.63 301.920638 -32.996368 18.780
 85     2.509 55206.09342314 19.65 301.919708 -32.993088 18.780
 86     2.690 55241.09339482 29.05 301.918602 -33.007946 20.406
 86     2.556 55241.09339546 26.69 301.917672 -33.004666 20.406
 86     2.526 55241.09339610 26.23 301.916742 -33.001396 20.406
 86     2.695 55241.09339675 28.28 301.915812 -32.998116 20.406
 86     2.786 55241.09339739 28.21 301.914882 -32.994846 20.406
 87     1.980 55276.09341369 43.51 301.920896 -33.006708 17.480
 87     1.647 55276.09341433 37.90 301.919966 -33.003438 17.480
 87     1.662 55276.09341498 24.31 301.919036 -33.000168 17.480
 87     1.567 55276.09341562 23.42 301.918106 -32.996888 17.480
 87     1.499 55276.09341627 23.39 301.917176 -32.993618 17.480
 88     1.794 55311.09337938 22.39 301.919840 -33.008535 16.742
 88     1.654 55311.09338003 18.95 301.918910 -33.005255 16.742
 88     1.501 55311.09338067 17.99 301.917980 -33.001985 16.742
 88     1.504 55311.09338132 18.60 301.917050 -32.998715 16.742
 88     1.569 55311.09338196 18.01 301.916120 -32.995435 16.742
 89     2.403 55346.09338448 27.33 301.921899 -33.003891 12.913
 89     2.486 55346.09338513 23.15 301.920969 -33.000611 12.913
 89     2.062 55346.09338577 23.52 301.920039 -32.997341 12.913
 89     1.988 55346.09338642 23.71 301.919109 -32.994061 12.913
 89     2.636 55346.09338706 23.02 301.918169 -32.990791 12.913
 90     1.849 55381.09337588 24.56 301.920863 -33.006938 16.908
 90     1.530 55381.09337652 24.80 301.919933 -33.003668 16.908
 90     1.552 55381.09337717 19.40 301.919003 -33.000398 16.908
 90     1.480 55381.09337781 19.61 301.918073 -32.997118 16.908
 90     1.443 55381.09337846 19.66 301.917143 -32.993848 16.908
 91     1.882 55416.09340381 24.07 301.923075 -33.001650 17.419
 91     1.660 55416.09340445 22.83 301.922145 -32.998370 17.419
 91     1.585 55416.09340509 20.83 301.921205 -32.995100 17.419
 91     1.739 55416.09340574 21.58 301.920275 -32.991830 17.419
 92     1.526 55451.09338756 37.83 301.921010 -33.006452 14.495
 92     1.504 55451.09338821 27.28 301.920080 -33.003182 14.495
 92     1.389 55451.09338885 25.82 301.919150 -32.999912 14.495
 92     1.149 55451.09338950 26.14 301.918220 -32.996632 14.495
 92     0.952 55451.09339014 26.19 301.917290 -32.993362 14.495
 93     1.851 55486.09331057 20.40 301.919663 -33.009403 14.896
 93     1.703 55486.09331122 20.12 301.918733 -33.006123 14.896
 93     1.411 55486.09331186 20.73 301.917803 -33.002853 14.896
 93     1.381 55486.09331251 19.19 301.916873 -32.999583 14.896
 93     1.514 55486.09331315 18.20 301.915943 -32.996303 14.896
 93     1.801 55486.09331380 17.90 301.915013 -32.993033 14.896
