#    0.000   0.000   0.000 ;Mean Elev.(m), Avg Gradient(m/km), RMS Gradient(m/km) - SRTM1     
#    0.000   0.000   0.000 ;Mean Elev.(m), Avg Gradient(m/km), RMS Gradient(m/km) - ASTER GDEM
#   42.371   0.203   5.344 ;Mean Elev.(m), Avg Gradient(m/km), RMS Gradient(m/km) - GMTED2010 
  7    43.307 52460.56184469 38.42 302.854820 -29.768770 13.669
  7    43.032 52460.56184534 46.09 302.853930 -29.772050 13.669
  7    43.001 52460.56184598 46.75 302.853050 -29.775330 13.669
  7    43.060 52460.56184663 44.23 302.852160 -29.778610 13.669
  9    43.052 52530.56182708 22.91 302.844416 -29.772358 10.633
  9    42.946 52530.56182773 22.55 302.843526 -29.775638 10.633
  9    45.042 52530.56182837 19.48 302.842646 -29.778918 10.633
  9    46.766 52530.56182902 21.32 302.841756 -29.782198 10.633
 10    49.095 52565.56184539 22.67 302.856410 -29.768570  9.481
 10    48.810 52565.56184604 21.42 302.855520 -29.771850  9.481
 10    48.564 52565.56184668 21.89 302.854640 -29.775130  9.481
 10    49.559 52565.56184733 20.75 302.853750 -29.778410  9.481
 12    46.045 52635.56182720 38.90 302.845196 -29.770964 11.785
 12    46.095 52635.56182784 24.68 302.844316 -29.774244 11.785
 12    50.917 52635.56182849 21.19 302.843432 -29.777519 10.477
 12    53.191 52635.56182913 20.67 302.842542 -29.780799 10.477
 13    43.566 52670.56183523 23.98 302.849019 -29.771002 11.668
 13    52.836 52670.56183587 17.60 302.848129 -29.774282 11.668
 13    52.826 52670.56183652 17.00 302.847249 -29.777562 11.668
 13    50.032 52670.56183716 23.83 302.846359 -29.780842 11.668
 14    43.503 52705.56182711 47.98 302.851049 -29.769174 20.419
 14    43.258 52705.56182775 51.36 302.850159 -29.772454 20.419
 14    43.328 52705.56182839 47.11 302.849279 -29.775734 20.419
 14    43.446 52705.56182904 50.00 302.848389 -29.779014 20.419
 15    43.826 52740.56186180 23.14 302.849106 -29.770892 11.251
 15    48.004 52740.56186244 18.18 302.848223 -29.774168 14.546
 15    48.623 52740.56186309 18.35 302.847343 -29.777448 14.546
 15    48.057 52740.56186373 20.40 302.846453 -29.780728 14.546
 16    44.137 52775.56180626 35.90 302.859533 -29.765219 10.501
 16    43.689 52775.56180691 26.88 302.858653 -29.768499 10.501
 16    43.749 52775.56180755 21.11 302.857763 -29.771779 10.501
 16    43.092 52775.56180820 19.17 302.856883 -29.775059 10.501
 16    42.879 52775.56180884 17.80 302.855993 -29.778339 10.501
 17    43.239 52810.56188302 30.62 302.844731 -29.769835 10.143
 17    43.739 52810.56188367 22.31 302.843851 -29.773115 10.143
 17    51.976 52810.56188431 18.19 302.842968 -29.776388 12.656
 17    52.423 52810.56188495 18.07 302.842078 -29.779668 12.656
 17    53.512 52810.56188560 20.44 302.841188 -29.782948 12.656
 18    42.965 52845.56193868 41.54 302.847143 -29.769214 11.735
 18    42.546 52845.56193932 27.92 302.846253 -29.772494 11.735
 18    42.686 52845.56193997 16.92 302.845373 -29.775774 11.735
 18    42.267 52845.56194061 17.05 302.844489 -29.779047 10.152
 18    42.328 52845.56194125 24.60 302.843599 -29.782327 10.152
 19    43.021 52880.56197657 25.25 302.847094 -29.771950 12.122
 19    43.063 52880.56197721 18.35 302.846214 -29.775230 12.122
 19    46.415 52880.56197786 16.58 302.845324 -29.778510 12.122
 19    45.947 52880.56197850 19.50 302.844435 -29.781784 12.787
 20    43.937 52915.56193304 30.22 302.857060 -29.767625 11.414
 20    50.953 52915.56193368 19.24 302.856180 -29.770905 11.414
 20    51.356 52915.56193433 18.90 302.855290 -29.774185 11.414
 20    47.962 52915.56193497 19.91 302.854410 -29.777465 11.414
 21    43.980 52950.56189352 19.66 302.851561 -29.768996  8.404
 21    43.721 52950.56189417 15.88 302.850681 -29.772276  8.404
 21    43.386 52950.56189481 13.78 302.849791 -29.775556  8.404
 21    48.217 52950.56189546 13.38 302.848911 -29.778836  8.404
 22    51.347 52985.56191580 21.62 302.856302 -29.768908  9.005
 22    51.829 52985.56191644 20.39 302.855422 -29.772188  9.005
 22    52.565 52985.56191709 22.10 302.854532 -29.775468  9.005
 22    53.385 52985.56191773 25.26 302.853652 -29.778748  9.005
 23    50.453 53020.56190587 19.38 302.855306 -29.768696  8.623
 23    50.995 53020.56190651 19.15 302.854426 -29.771976  8.623
 23    51.456 53020.56190716 20.49 302.853536 -29.775256  8.623
 23    52.174 53020.56190780 24.39 302.852656 -29.778536  8.623
 24    43.299 53055.56189420 19.76 302.854019 -29.769262  9.661
 24    46.731 53055.56189484 18.84 302.853129 -29.772542  9.661
 24    48.068 53055.56189549 19.48 302.852249 -29.775822  9.661
 24    46.702 53055.56189613 32.23 302.851359 -29.779102  9.661
 25    49.818 53090.56193221 15.77 302.844726 -29.771782  5.940
 25    47.177 53090.56193285 15.84 302.843836 -29.775062  5.940
 25    51.080 53090.56193350 16.29 302.842956 -29.778342  5.940
 25    52.061 53090.56193414 17.10 302.842066 -29.781622  5.940
 26    43.494 53125.56190170 21.27 302.850185 -29.770078  6.378
 26    52.087 53125.56190235 16.90 302.849295 -29.773358  6.378
 26    52.766 53125.56190299 17.98 302.848415 -29.776638  6.378
 26    53.273 53125.56190363 20.11 302.847525 -29.779918  6.378
 27    43.189 53160.56196356 14.60 302.843185 -29.771179  7.571
 27    50.617 53160.56196421 12.74 302.842295 -29.774459  7.571
 27    52.330 53160.56196485 13.30 302.841415 -29.777739  7.571
 27    53.164 53160.56196550 13.68 302.840525 -29.781019  7.571
 27    53.822 53160.56196614 14.82 302.839645 -29.784291 13.937
 28    41.659 53195.56196001 42.80 302.853332 -29.769145 12.554
 28    42.746 53195.56196065 41.45 302.852452 -29.772425 12.554
 28    42.476 53195.56196130 45.62 302.851562 -29.775705 12.554
 28    42.478 53195.56196194 47.54 302.850676 -29.778978 14.651
 29    44.119 53230.56194551 23.69 302.857863 -29.766538 10.145
 29    46.545 53230.56194616 14.91 302.856973 -29.769818 10.145
 29    43.983 53230.56194680 12.47 302.856093 -29.773098 10.145
 29    46.454 53230.56194745 12.28 302.855203 -29.776378 10.145
 29    47.388 53230.56194809 12.92 302.854323 -29.779658 10.145
 30    43.997 53265.56191622 23.24 302.853782 -29.767155  5.245
 30    44.147 53265.56191686 13.40 302.852902 -29.770435  5.245
 30    43.645 53265.56191751 12.23 302.852012 -29.773715  5.245
 30    42.839 53265.56191815 11.58 302.851132 -29.776995  5.245
 30    42.243 53265.56191879 11.87 302.850242 -29.780275  5.245
 31    44.478 53300.56196616 17.15 302.838198 -29.773742 16.215
 31    46.500 53300.56196680 15.54 302.837316 -29.777015 17.282
 31    46.543 53300.56196745 18.72 302.836426 -29.780295 17.282
 31    46.729 53300.56196809 22.60 302.835536 -29.783575 17.282
 32    46.373 53335.56193571 16.05 302.851078 -29.768201  8.326
 32    43.434 53335.56193636 17.00 302.850188 -29.771481  8.326
 32    43.455 53335.56193700 16.73 302.849303 -29.774756  8.167
 32    42.410 53335.56193764 16.65 302.848423 -29.778036  8.167
 32    47.387 53335.56193829 16.57 302.847533 -29.781316  8.167
 33    46.713 53370.56187369 15.70 302.857328 -29.766786  9.380
 33    47.798 53370.56187434 15.30 302.856448 -29.770066  9.380
 33    48.191 53370.56187498 15.61 302.855558 -29.773346  9.380
 33    48.529 53370.56187563 19.09 302.854678 -29.776626  9.380
 33    52.148 53370.56187627 19.08 302.853790 -29.779903 13.176
 36    46.046 53475.56196045 17.43 302.843436 -29.772667 12.929
 36    47.128 53475.56196110 17.11 302.842546 -29.775947 12.929
 36    51.892 53475.56196174 17.14 302.841666 -29.779227 12.929
 36    52.412 53475.56196239 19.19 302.840776 -29.782507 12.929
 37    44.890 53510.56197502 30.02 302.850044 -29.770238 10.896
 37    45.182 53510.56197566 21.23 302.849158 -29.773511 16.786
 37    45.676 53510.56197630 20.52 302.848278 -29.776791 16.786
 37    53.200 53510.56197695 20.95 302.847388 -29.780071 16.786
 38    49.526 53545.56199239 42.33 302.846756 -29.770634 20.893
 38    49.615 53545.56199304 43.50 302.845876 -29.773914 20.893
 38    49.514 53545.56199368 42.64 302.844986 -29.777194 20.893
 38    49.513 53545.56199433 44.87 302.844096 -29.780474 20.893
 39    43.999 53580.56196781 17.71 302.851367 -29.770615 11.292
 39    43.377 53580.56196846 15.53 302.850477 -29.773895 11.292
 39    44.751 53580.56196910 13.15 302.849597 -29.777175 11.292
 39    47.318 53580.56196975 12.83 302.848707 -29.780455 11.292
 40    44.302 53615.56192156 17.14 302.851662 -29.767854  9.461
 40    52.854 53615.56192220 13.93 302.850772 -29.771134  9.461
 40    52.096 53615.56192285 11.89 302.849892 -29.774414  9.461
 40    49.370 53615.56192349 12.42 302.849005 -29.777690 11.756
 40    53.807 53615.56192414 11.38 302.848115 -29.780970 11.756
 41    44.236 53650.56193362 35.97 302.850718 -29.768817 11.453
 41    44.612 53650.56193427 23.20 302.849829 -29.772091 17.970
 41    44.949 53650.56193491 18.53 302.848949 -29.775371 17.970
 41    52.679 53650.56193556 18.00 302.848059 -29.778651 17.970
 41    47.909 53650.56193620 19.31 302.847179 -29.781931 17.970
 42    42.858 53685.56194362 20.27 302.845484 -29.772389  7.456
 42    42.664 53685.56194427 19.29 302.844599 -29.775664 10.747
 42    42.975 53685.56194491 19.68 302.843719 -29.778944 10.747
 42    42.812 53685.56194556 21.83 302.842829 -29.782224 10.747
 43    53.107 53720.56186875 19.68 302.857142 -29.768650  8.066
 43    51.471 53720.56186940 21.43 302.856262 -29.771930  8.066
 43    52.385 53720.56187004 22.07 302.855372 -29.775210  8.066
 43    42.403 53720.56187069 28.65 302.854493 -29.778486 12.190
 44    46.081 53755.56179467 16.10 302.856117 -29.768053  6.080
 44    47.301 53755.56179532 15.75 302.855227 -29.771333  6.080
 44    47.328 53755.56179596 18.00 302.854347 -29.774613  6.080
 44    48.031 53755.56179661 22.42 302.853463 -29.777886 13.565
 45    49.734 53790.56182349 11.42 302.855941 -29.768916  4.793
 45    49.361 53790.56182414 12.50 302.855051 -29.772196  4.793
 45    48.337 53790.56182478 12.43 302.854167 -29.775471 13.238
 45    53.189 53790.56182543 13.65 302.853287 -29.778751 13.238
 46    46.891 53825.56178092 11.01 302.852474 -29.768293  4.449
 46    47.998 53825.56178157 10.47 302.851594 -29.771573  4.449
 46    47.426 53825.56178221 11.35 302.850704 -29.774853  4.449
 46    52.600 53825.56178286 13.37 302.849824 -29.778133  4.449
 46    47.846 53825.56178350 13.25 302.848936 -29.781405 13.795
 47    40.550 53860.56187459 44.14 302.845092 -29.771679 14.778
 47    40.085 53860.56187523 51.84 302.844202 -29.774959 14.778
 47    40.541 53860.56187588 49.71 302.843322 -29.778239 14.778
 47    40.566 53860.56187652 48.03 302.842432 -29.781519 14.778
 48    55.000 53895.56189269 15.17 302.851262 -29.770692  4.706
 48    52.601 53895.56189334 15.07 302.850382 -29.773972  4.706
 48    52.997 53895.56189398 15.25 302.849492 -29.777252  4.706
 48    53.841 53895.56189463 15.26 302.848602 -29.780532  4.706
 49    49.679 53930.56194593 17.01 302.840500 -29.771396  6.593
 49    50.661 53930.56194657 17.34 302.839610 -29.774676  6.593
 49    51.536 53930.56194722 18.08 302.838730 -29.777956  6.593
 49    52.802 53930.56194786 18.56 302.837840 -29.781236  6.593
 49    46.667 53930.56194851 25.81 302.836953 -29.784509  8.692
 50    43.262 53965.56192368 14.40 302.845128 -29.771261 13.426
 50    42.827 53965.56192433 12.95 302.844248 -29.774541 13.426
 50    41.928 53965.56192497 13.07 302.843358 -29.777821 13.426
 50    41.024 53965.56192561 23.90 302.842478 -29.781101 13.426
 51    43.284 54000.56188097 23.86 302.848537 -29.770125  8.022
 51    46.993 54000.56188161 12.38 302.847657 -29.773405  8.022
 51    47.986 54000.56188226 11.80 302.846767 -29.776685  8.022
 51    48.114 54000.56188290 10.52 302.845877 -29.779965  8.022
 52    43.433 54035.56192415 10.57 302.851890 -29.770185  8.563
 52    43.051 54035.56192480 10.21 302.851000 -29.773465  8.563
 52    52.814 54035.56192544 11.17 302.850120 -29.776745  8.563
 52    45.429 54035.56192609 11.05 302.849230 -29.780025  8.563
 53    56.061 54070.56191777 17.21 302.853060 -29.767629  7.301
 53    49.005 54070.56191841 18.51 302.852170 -29.770909  7.301
 53    49.628 54070.56191906 19.69 302.851290 -29.774189  7.301
 53    51.032 54070.56191970 23.54 302.850400 -29.777469  7.301
 53    52.788 54070.56192035 22.97 302.849520 -29.780749  7.301
 54    48.350 54105.56187114 17.01 302.853728 -29.769689  7.634
 54    47.226 54105.56187179 20.62 302.852848 -29.772969  7.634
 54    47.904 54105.56187243 24.87 302.851958 -29.776249  7.634
 54    49.086 54105.56187308 24.09 302.851078 -29.779529  7.634
 55    47.802 54140.56185062 13.23 302.848323 -29.770694  6.149
 55    47.614 54140.56185126 14.42 302.847433 -29.773974  6.149
 55    50.797 54140.56185191 14.64 302.846553 -29.777254  6.149
 55    47.994 54140.56185255 22.71 302.845663 -29.780534  6.149
 57    44.644 54210.56185668 47.31 302.847879 -29.769896 21.018
 57    44.373 54210.56185732 47.45 302.846999 -29.773176 21.018
 57    44.802 54210.56185797 38.35 302.846109 -29.776456 21.018
 57    44.710 54210.56185861 37.27 302.845229 -29.779736 21.018
 57    43.987 54210.56185926 34.54 302.844339 -29.783016 21.018
 58    46.575 54245.56188661 47.20 302.850524 -29.768703 25.056
 58    46.490 54245.56188726 46.56 302.849634 -29.771983 25.056
 58    46.740 54245.56188790 48.36 302.848754 -29.775263 25.056
 58    46.594 54245.56188855 47.95 302.847864 -29.778543 25.056
 58    46.325 54245.56188919 45.60 302.846984 -29.781823 25.056
 59    42.155 54280.56189852 47.68 302.850578 -29.769778 13.793
 59    41.871 54280.56189916 48.32 302.849698 -29.773058 13.793
 59    41.931 54280.56189981 45.31 302.848808 -29.776338 13.793
 59    41.850 54280.56190045 44.68 302.847928 -29.779618 13.793
 60    46.491 54315.56189715 16.23 302.853498 -29.768862 12.768
 60    45.826 54315.56189780 14.71 302.852608 -29.772142 12.768
 60    45.515 54315.56189844 15.26 302.851728 -29.775422 12.768
 60    43.892 54315.56189909 15.88 302.850838 -29.778702 12.768
 61    46.823 54350.56186511 17.72 302.853896 -29.768910  9.926
 61    48.678 54350.56186575 17.02 302.853006 -29.772190  9.926
 61    47.915 54350.56186640 17.67 302.852126 -29.775470  9.926
 61    52.947 54350.56186704 18.25 302.851236 -29.778750  9.926
 62    49.934 54385.56183594 24.70 302.851194 -29.767944  6.899
 62    50.993 54385.56183659 24.85 302.850306 -29.771219 10.885
 62    52.055 54385.56183723 26.24 302.849426 -29.774499 10.885
 62    52.924 54385.56183788 28.13 302.848536 -29.777779 10.885
 62    53.179 54385.56183852 30.55 302.847656 -29.781059 10.885
 63    43.767 54420.56181548 23.60 302.852024 -29.770369 12.243
 63    43.751 54420.56181612 18.27 302.851143 -29.773645 13.406
 63    45.893 54420.56181677 15.09 302.850253 -29.776925 13.406
 63    47.264 54420.56181741 15.51 302.849373 -29.780205 13.406
 64    46.337 54455.56180832 17.39 302.848596 -29.769210 10.997
 64    46.676 54455.56180897 18.91 302.847706 -29.772490 10.997
 64    47.632 54455.56180961 21.47 302.846816 -29.775770 10.997
 64    47.671 54455.56181026 23.19 302.845936 -29.779050 10.997
 64    47.108 54455.56181090 28.47 302.845046 -29.782330 10.997
 65    47.794 54490.56181586 13.43 302.853333 -29.768567 14.722
 65    47.750 54490.56181650 14.38 302.852453 -29.771847 14.722
 65    48.467 54490.56181715 14.71 302.851563 -29.775127 14.722
 65    53.453 54490.56181779 17.31 302.850673 -29.778407 14.722
 66    47.165 54525.56182121 15.31 302.851196 -29.769876  8.881
 66    47.687 54525.56182186 15.30 302.850306 -29.773156  8.881
 66    52.612 54525.56182250 16.17 302.849416 -29.776431 11.169
 66    48.162 54525.56182315 18.06 302.848536 -29.779711 11.169
 67    40.039 54560.56182389 37.37 302.853307 -29.767526 12.740
 67    40.079 54560.56182453 46.66 302.852417 -29.770806 12.740
 67    39.567 54560.56182518 51.41 302.851537 -29.774086 12.740
 67    40.094 54560.56182582 49.86 302.850647 -29.777366 12.740
 67    40.014 54560.56182647 46.25 302.849767 -29.780646 12.740
 68    42.895 54595.56181689 14.96 302.850528 -29.769691  7.399
 68    42.268 54595.56181753 13.72 302.849648 -29.772971  7.399
 68    42.391 54595.56181818 14.82 302.848758 -29.776251  7.399
 68    42.678 54595.56181882 15.14 302.847871 -29.779524 14.375
 69    43.917 54630.56183102 41.74 302.850241 -29.768280  9.310
 69    43.556 54630.56183166 49.91 302.849361 -29.771560  9.310
 69    43.653 54630.56183231 51.52 302.848471 -29.774840  9.310
 69    43.815 54630.56183295 50.37 302.847585 -29.778113 18.555
 69    43.550 54630.56183360 47.30 302.846705 -29.781393 18.555
 70    43.368 54665.56183716 20.81 302.849210 -29.768469  6.703
 70    50.640 54665.56183780 12.53 302.848320 -29.771749  6.703
 70    44.413 54665.56183845 11.72 302.847440 -29.775029  6.703
 70    46.520 54665.56183909 11.92 302.846550 -29.778309  6.703
 70    53.495 54665.56183974 11.95 302.845662 -29.781583 12.210
 71    44.004 54700.56180657 30.59 302.855535 -29.768130 10.592
 71    46.868 54700.56180722 20.49 302.854655 -29.771410 10.592
 71    47.969 54700.56180786 18.78 302.853765 -29.774690 10.592
 71    48.090 54700.56180851 20.03 302.852885 -29.777970 10.592
 72    41.295 54735.56179706 28.13 302.848251 -29.769641  8.750
 72    43.248 54735.56179771 14.03 302.847371 -29.772921  8.750
 72    42.363 54735.56179835 13.42 302.846489 -29.776202  8.676
 72    44.167 54735.56179900 12.41 302.845599 -29.779472  8.676
 72    46.488 54735.56179964 13.68 302.844709 -29.782752  8.676
 73    47.147 54770.56178762 32.73 302.853257 -29.767909 12.924
 73    47.268 54770.56178826 25.11 302.852377 -29.771189 12.924
 73    47.149 54770.56178891 20.32 302.851487 -29.774469 12.924
 73    47.726 54770.56178955 20.08 302.850607 -29.777749 12.924
 73    48.672 54770.56179020 23.39 302.849717 -29.781029 12.924
 74    49.743 54805.56179049 22.02 302.847178 -29.770367 13.583
 74    47.728 54805.56179113 23.75 302.846288 -29.773647 13.583
 74    47.832 54805.56179178 28.23 302.845398 -29.776927 13.583
 74    47.399 54805.56179242 30.49 302.844518 -29.780207 13.583
 75    50.914 54840.56178271 18.01 302.851831 -29.768785  5.254
 75    51.959 54840.56178335 20.42 302.850951 -29.772065  5.254
 75    52.264 54840.56178400 24.51 302.850061 -29.775345  5.254
 75    51.561 54840.56178464 29.62 302.849181 -29.778625  5.254
 76    50.586 54875.56179216 16.31 302.848164 -29.771097 14.726
 76    49.345 54875.56179280 20.78 302.847284 -29.774377 14.726
 76    49.183 54875.56179345 24.41 302.846394 -29.777657 14.726
 76    48.496 54875.56179409 27.04 302.845514 -29.780937 14.726
 77    40.631 54910.56178822 42.65 302.851990 -29.769137 11.855
 77    40.510 54910.56178886 47.11 302.851110 -29.772417 11.855
 77    39.644 54910.56178951 46.60 302.850220 -29.775697 11.855
 77    40.836 54910.56179015 32.60 302.849340 -29.778977 11.855
 78    38.967 54945.56178385 43.48 302.847221 -29.771384  9.682
 78    47.289 54945.56178450 20.61 302.846331 -29.774664  9.682
 78    39.880 54945.56178514 29.92 302.845441 -29.777938 13.043
 78    41.299 54945.56178579 21.78 302.844561 -29.781218 13.043
 79    39.916 54980.56181070 13.13 302.849457 -29.770629  5.517
 79    40.347 54980.56181134 12.28 302.848567 -29.773909  5.517
 79    40.155 54980.56181198 15.15 302.847682 -29.777182 11.952
 79    41.228 54980.56181263 15.86 302.846802 -29.780462 11.952
 80    41.682 55015.56181301 41.28 302.850373 -29.770881 10.803
 80    41.518 55015.56181365 47.96 302.849483 -29.774161 10.803
 80    41.253 55015.56181430 50.75 302.848603 -29.777441 10.803
 80    41.056 55015.56181494 48.69 302.847713 -29.780721 10.803
 81    43.705 55050.56180616 36.61 302.852511 -29.768012 10.109
 81    43.826 55050.56180680 21.64 302.851631 -29.771292 10.109
 81    43.628 55050.56180745 19.46 302.850741 -29.774572 10.109
 81    43.784 55050.56180809 14.26 302.849861 -29.777852 10.109
 81    44.678 55050.56180874 19.20 302.848971 -29.781132 10.109
 82    44.064 55085.56177316 23.72 302.853722 -29.769900 10.529
 82    43.987 55085.56177380 18.91 302.852842 -29.773180 10.529
 82    44.120 55085.56177445 17.04 302.851952 -29.776460 10.529
 82    44.631 55085.56177509 17.16 302.851072 -29.779740 10.529
 83    44.126 55120.56174036 34.14 302.850423 -29.768643 12.083
 83    44.060 55120.56174100 23.33 302.849543 -29.771923 12.083
 83    44.041 55120.56174165 19.07 302.848662 -29.775196 15.913
 83    45.218 55120.56174229 16.43 302.847772 -29.778476 15.913
 83    47.230 55120.56174293 16.87 302.846882 -29.781756 15.913
 84    46.815 55155.56173296 19.57 302.851114 -29.770102  9.776
 84    51.582 55155.56173360 17.56 302.850234 -29.773382  9.776
 84    48.078 55155.56173425 20.22 302.849344 -29.776662  9.776
 84    47.795 55155.56173489 23.52 302.848464 -29.779942  9.776
 85    42.928 55190.56172972 49.37 302.847626 -29.770159 13.674
 85    42.894 55190.56173037 51.33 302.846746 -29.773439 13.674
 85    43.147 55190.56173101 51.12 302.845854 -29.776712 17.523
 85    43.476 55190.56173165 46.42 302.844974 -29.779992 17.523
 86    45.488 55225.56173379 25.62 302.850928 -29.770569 17.011
 86    45.453 55225.56173443 21.32 302.850038 -29.773849 17.011
 86    45.711 55225.56173508 19.54 302.849158 -29.777129 17.011
 86    46.066 55225.56173572 25.98 302.848268 -29.780409 17.011
 87    43.567 55260.56172526 24.70 302.851113 -29.769632 14.310
 87    42.991 55260.56172590 22.82 302.850223 -29.772912 14.310
 87    42.574 55260.56172655 26.28 302.849336 -29.776188 15.266
 87    42.656 55260.56172719 26.88 302.848456 -29.779468 15.266
 88    44.449 55295.56171789 19.42 302.853739 -29.768422 12.286
 88    43.879 55295.56171854 17.25 302.852859 -29.771702 12.286
 88    48.020 55295.56171918 13.07 302.851969 -29.774982 12.286
 88    53.686 55295.56171982 12.82 302.851089 -29.778262 12.286
 89    43.418 55330.56170642 39.54 302.849082 -29.769166 12.676
 89    43.471 55330.56170706 21.88 302.848192 -29.772446 12.676
 89    43.275 55330.56170771 17.54 302.847312 -29.775726 12.676
 89    47.488 55330.56170835 13.89 302.846422 -29.779006 12.676
 89    48.134 55330.56170900 15.09 302.845535 -29.782278 16.116
 90    43.945 55365.56170032 19.69 302.852346 -29.770370 10.703
 90    43.735 55365.56170096 17.24 302.851456 -29.773650 10.703
 90    45.568 55365.56170160 14.38 302.850576 -29.776930 10.703
 90    53.712 55365.56170225 13.17 302.849686 -29.780210 10.703
 91    46.092 55400.56171187 49.18 302.848449 -29.770128 10.998
 91    46.216 55400.56171252 47.53 302.847559 -29.773408 10.998
 91    46.414 55400.56171316 48.68 302.846679 -29.776688 10.998
 91    46.095 55400.56171381 49.36 302.845796 -29.779961 24.851
 92    41.835 55435.56171645 46.07 302.853729 -29.768621 13.847
 92    41.689 55435.56171709 49.87 302.852849 -29.771901 13.847
 92    40.849 55435.56171774 48.72 302.851959 -29.775181 13.847
 92    41.814 55435.56171838 45.74 302.851079 -29.778461 13.847
 93    44.261 55470.56166950 28.13 302.855818 -29.766803 10.967
 93    44.293 55470.56167015 23.74 302.854928 -29.770083 10.967
 93    44.364 55470.56167079 18.88 302.854048 -29.773363 10.967
 93    44.369 55470.56167144 21.33 302.853158 -29.776643 10.967
 93    46.326 55470.56167208 20.69 302.852278 -29.779923 10.967
