#    0.000   0.000   0.000 ;Mean Elev.(m), Avg Gradient(m/km), RMS Gradient(m/km) - SRTM1     
#    0.000   0.000   0.000 ;Mean Elev.(m), Avg Gradient(m/km), RMS Gradient(m/km) - ASTER GDEM
#   52.560  -1.456   5.125 ;Mean Elev.(m), Avg Gradient(m/km), RMS Gradient(m/km) - GMTED2010 
  7 303.840379 -28.735251    55.768    55.667  4 52476.55967499 27.495
  8 303.863746 -28.700694    53.945    53.926  7 52511.55961732 47.732
  9 303.845794 -28.727296    55.772    55.739  7 52546.55964907 26.660
 10 303.848426 -28.722846    55.454    55.473  7 52581.55966599 51.065
 11 303.847322 -28.724539    55.538    55.436  7 52616.55963713 27.598
 12 303.858527 -28.706787    50.349    50.340  6 52651.55960956 43.005
 13 303.858915 -28.705898    55.603    55.496  6 52686.55960180 24.063
 14 303.847676 -28.723328    55.152    55.229  7 52721.55965480 25.178
 16 303.845885 -28.726670    51.059    50.917  7 52791.55962809 40.446
 17 303.851806 -28.716101    55.262    55.250  8 52826.55969484 26.142
 18 303.855232 -28.710963    49.410    48.582  6 52861.55973932 40.780
 19 303.847555 -28.723933    54.723    54.636  7 52896.55977210 22.315
 20 303.850610 -28.718072    55.668    55.465  7 52931.55971854 27.708
 21 303.849109 -28.721142    54.471    54.497  8 52966.55971843 24.329
 23 303.849601 -28.719897    55.496    55.494  7 53036.55969616 24.553
 24 303.848502 -28.721861    55.320    55.254  7 53071.55971940 23.697
 25 303.851189 -28.717193    47.753    47.744  8 53106.55969629 50.107
 26 303.847579 -28.723897    49.777    49.819  7 53141.55972709 52.394
 27 303.850697 -28.718261    53.883    53.893  8 53176.55975418 18.554
 28 303.846884 -28.724745    54.208    54.245  7 53211.55977490 18.189
 29 303.854962 -28.711789    48.318    48.353  7 53246.55974028 50.075
 30 303.840307 -28.734812    52.458    52.450  3 53281.55973168 38.198
 31 303.851047 -28.717644    54.525    54.637  8 53316.55973760 29.534
 32 303.859416 -28.706206    49.171    49.159  6 53351.55970084 40.569
 33 303.842895 -28.732985    55.403    55.246  7 53386.55969329 19.565
 34 303.862134 -28.702831    47.772    47.747  6 53421.55968997 44.880
 35 303.851156 -28.716807    55.009    54.201  7 53456.55969820 20.859
 37 303.857282 -28.708444    52.664    52.423  6 53526.55976337 42.200
 38 303.840491 -28.734427    55.521    55.332  4 53561.55979766 27.117
 39 303.861495 -28.703775    54.812    54.853  6 53596.55973006 19.383
 41 303.841159 -28.735255    55.284    55.311  5 53666.55975411 28.306
 42 303.858427 -28.706460    54.651    54.670  6 53701.55969759 20.912
 43 303.865996 -28.695830    51.391    51.966  5 53736.55960551 31.888
 44 303.858820 -28.705220    47.968    47.982  6 53771.55961332 47.548
 45 303.861122 -28.703223    48.199    48.079  6 53806.55960329 45.140
 47 303.852662 -28.715381    54.877    55.205  7 53876.55967369 23.881
 50 303.851817 -28.716791    48.859    48.895  7 53981.55968568 43.747
 51 303.847852 -28.723860    52.022    52.561  7 54016.55971033 31.722
 52 303.862537 -28.701480    50.141    50.196  7 54051.55970453 42.459
 53 303.854780 -28.711807    48.784    48.771  7 54086.55969831 50.888
 54 303.859666 -28.705055    49.180    49.118  7 54121.55962179 37.442
 55 303.849541 -28.719781    48.667    48.685  7 54156.55966024 42.526
 56 303.857792 -28.706690    48.933    49.027  6 54191.55962057 47.038
 57 303.848322 -28.722987    50.326    50.319  7 54226.55967144 51.105
 58 303.851160 -28.717225    49.712    49.727  7 54261.55969038 42.760
 59 303.852695 -28.715071    51.896    51.897  7 54296.55969480 52.608
 60 303.856763 -28.708569    54.634    54.683  6 54331.55968430 21.336
 61 303.857089 -28.708672    59.450    59.850  6 54366.55962695 26.085
 62 303.853420 -28.714212    53.869    53.647  7 54401.55962811 35.805
 63 303.854975 -28.711361    54.901    54.992  7 54436.55958464 19.103
 64 303.852840 -28.713754    53.210    52.172  6 54471.55961259 37.111
 65 303.856757 -28.708970    55.051    55.036  6 54506.55959664 20.409
 66 303.854148 -28.712927    54.985    55.234  7 54541.55962677 19.014
 67 303.857826 -28.706676    50.607    50.518  6 54576.55959741 49.874
 68 303.852705 -28.715327    48.802    48.902  7 54611.55961903 44.156
 69 303.850609 -28.718275    50.997    51.006  7 54646.55962689 49.230
 70 303.852338 -28.715774    55.642    55.657  7 54681.55962696 26.164
 71 303.858865 -28.706027    54.079    54.658  6 54716.55957420 28.276
 72 303.847805 -28.723521    49.783    49.807  7 54751.55960093 44.039
 73 303.855290 -28.710970    55.345    55.394  7 54786.55956500 27.381
 74 303.850201 -28.718614    49.244    49.227  7 54821.55959295 39.321
 75 303.855880 -28.710731    57.077    56.853  6 54856.55956138 26.099
 76 303.849560 -28.720309    48.124    48.122  7 54891.55959721 50.355
 77 303.855310 -28.711037    54.755    54.491  7 54926.55955899 18.590
 78 303.848359 -28.721722    53.639    53.687  7 54961.55959551 15.816
 79 303.846826 -28.725562    53.379    53.457  7 54996.55961810 18.381
 80 303.851058 -28.717472    52.192    52.192  7 55031.55960571 41.938
 81 303.855632 -28.710266    52.931    52.894  7 55066.55959362 50.246
 82 303.855486 -28.710502    55.419    55.375  7 55101.55953519 27.978
 83 303.850022 -28.719209    50.444    50.453  7 55136.55954189 45.226
 84 303.856796 -28.708239    55.161    55.166  6 55171.55950146 43.868
 85 303.849063 -28.721081    56.052    56.154  7 55206.55953608 31.843
 86 303.855550 -28.709498    53.140    52.184  5 55241.55950775 34.221
 87 303.852875 -28.714126    50.892    49.388  7 55276.55952792 40.264
 88 303.857119 -28.708442    53.908    53.911  6 55311.55949135 51.757
 89 303.853539 -28.714364    55.551    55.541  7 55346.55949807 29.699
 90 303.854119 -28.712232    55.126    55.175  7 55381.55948946 24.317
 91 303.849649 -28.720450    50.999    51.026  7 55416.55951803 48.010
 92 303.856596 -28.708954    51.395    51.726  6 55451.55949953 35.405
 93 303.859867 -28.704966    55.143    55.137  7 55486.55942223 21.420
