#    0.000   0.000   0.000 ;Mean Elev.(m), Avg Gradient(m/km), RMS Gradient(m/km) - SRTM1     
#    0.000   0.000   0.000 ;Mean Elev.(m), Avg Gradient(m/km), RMS Gradient(m/km) - ASTER GDEM
#   42.371   0.203   5.344 ;Mean Elev.(m), Avg Gradient(m/km), RMS Gradient(m/km) - GMTED2010 
  7 302.853490 -29.773690    43.100    43.046  4 52460.56184566 44.821
  9 302.843086 -29.777278    44.451    44.047  4 52530.56182805 21.758
 10 302.855080 -29.773490    49.007    48.953  4 52565.56184636 21.739
 12 302.843871 -29.775882    49.062    48.506  4 52635.56182816 33.173
 13 302.847689 -29.775922    49.815    51.429  4 52670.56183620 21.755
 14 302.849719 -29.774094    43.384    43.387  4 52705.56182807 49.432
 15 302.847781 -29.775809    47.128    48.031  4 52740.56186277 20.510
 16 302.857766 -29.771779    43.509    43.508  5 52775.56180755 29.685
 17 302.842965 -29.776391    48.978    48.375  5 52810.56188431 24.954
 18 302.845373 -29.775771    42.558    42.646  5 52845.56193997 34.847
 19 302.845767 -29.776868    44.612    44.505  4 52880.56197754 21.287
 20 302.855735 -29.772545    48.552    49.457  4 52915.56193401 25.157
 21 302.850236 -29.773916    44.826    43.851  4 52950.56189449 16.455
 22 302.854977 -29.773828    52.281    52.197  4 52985.56191676 22.745
 23 302.853981 -29.773616    51.269    51.225  4 53020.56190684 21.427
 24 302.852689 -29.774182    46.200    46.717  4 53055.56189516 26.837
 25 302.843396 -29.776702    50.034    50.449  4 53090.56193317 16.283
 26 302.848855 -29.774998    50.405    52.427  4 53125.56190267 19.399
 27 302.841414 -29.777739    50.624    51.888  5 53160.56196485 13.898
 28 302.852006 -29.774063    42.340    42.477  4 53195.56196098 44.992
 29 302.856092 -29.773098    45.698    45.752  5 53230.56194680 18.048
 30 302.852013 -29.773715    43.374    43.434  5 53265.56191751 17.470
 31 302.836869 -29.778657    46.063    46.522  4 53300.56196713 19.347
 32 302.849304 -29.774758    44.612    43.455  5 53335.56193700 16.611
 33 302.855559 -29.773346    48.676    48.882  5 53370.56187498 17.315
 36 302.842106 -29.777587    49.369    49.510  4 53475.56196142 17.808
 37 302.848717 -29.775153    47.237    45.429  4 53510.56197598 25.361
 38 302.845429 -29.775554    49.542    49.520  4 53545.56199336 43.451
 39 302.850037 -29.775535    44.861    44.375  4 53580.56196878 15.269
 40 302.849890 -29.774412    50.486    52.096  5 53615.56192285 13.914
 41 302.848948 -29.775371    46.877    46.071  5 53650.56193491 29.427
 42 302.844158 -29.777305    42.827    42.835  4 53685.56194459 20.381
 43 302.855817 -29.773569    49.841    51.928  4 53720.56186972 24.494
 44 302.854788 -29.772971    47.185    47.314  4 53755.56179564 18.976
 45 302.854611 -29.773833    50.155    49.548  4 53790.56182446 12.572
 46 302.850705 -29.774853    48.552    47.426  5 53825.56178221 12.056
 47 302.843762 -29.776599    40.436    40.545  4 53860.56187555 49.240
 48 302.849935 -29.775612    53.610    53.419  4 53895.56189366 15.188
 49 302.838726 -29.777956    50.269    51.536  5 53930.56194722 20.945
 50 302.843803 -29.776181    42.260    42.378  4 53965.56192465 18.935
 51 302.847209 -29.775045    46.594    47.489  4 54000.56188193 18.557
 52 302.850560 -29.775105    46.182    44.431  4 54035.56192512 10.767
 53 302.851287 -29.774189    51.703    50.023  5 54070.56191906 21.077
 54 302.852403 -29.774609    48.142    48.127  4 54105.56187211 22.606
 55 302.846993 -29.775614    48.552    47.898  4 54140.56185159 18.203
 57 302.846110 -29.776456    44.503    44.561  5 54210.56185797 43.960
 58 302.848751 -29.775263    46.545    46.587  5 54245.56188790 47.243
 59 302.849253 -29.774698    41.952    41.901  4 54280.56189949 46.764
 60 302.852168 -29.773782    45.431    45.671  4 54315.56189812 15.559
 61 302.852566 -29.773830    49.091    48.296  4 54350.56186607 17.687
 62 302.849425 -29.774499    51.817    51.958  5 54385.56183723 27.492
 63 302.850698 -29.775286    45.169    44.830  4 54420.56181645 19.591
 64 302.846821 -29.775770    47.085    47.013  5 54455.56180961 23.745
 65 302.852005 -29.773487    49.366    48.130  4 54490.56181682 15.213
 66 302.849863 -29.774794    48.907    47.925  4 54525.56182218 16.365
 67 302.851534 -29.774086    39.959    40.027  5 54560.56182518 48.184
 68 302.849201 -29.774609    42.558    42.534  4 54595.56181786 14.694
 69 302.848471 -29.774837    43.698    43.700  5 54630.56183231 49.216
 70 302.847436 -29.775029    47.687    48.427  5 54665.56183845 15.670
 71 302.854210 -29.773050    46.733    47.418  4 54700.56180754 25.544
 72 302.846484 -29.776197    43.512    43.210  5 54735.56179835 21.692
 73 302.851488 -29.774469    47.592    47.497  5 54770.56178891 27.205
 74 302.845845 -29.775287    48.175    47.780  4 54805.56179146 27.366
 75 302.850506 -29.773705    51.675    51.760  4 54840.56178368 25.353
 76 302.846839 -29.776017    49.403    49.264  4 54875.56179312 23.731
 77 302.850665 -29.774057    40.405    40.570  4 54910.56178918 44.674
 78 302.845888 -29.776301    41.859    40.589  4 54945.56178482 37.696
 79 302.848127 -29.775545    40.411    40.251  4 54980.56181166 14.344
 80 302.849043 -29.775801    41.377    41.386  4 55015.56181398 48.273
 81 302.850742 -29.774572    43.924    43.759  5 55050.56180745 29.935
 82 302.852397 -29.774820    44.201    44.092  4 55085.56177413 20.169
 83 302.848659 -29.775199    44.935    44.640  5 55120.56174165 27.757
 84 302.849789 -29.775022    48.567    47.937  4 55155.56173392 20.771
 85 302.846300 -29.775075    43.111    43.038  4 55190.56173069 49.952
 86 302.849598 -29.775489    45.680    45.600  4 55225.56173476 23.920
 87 302.849782 -29.774550    42.947    42.824  4 55260.56172623 25.437
 88 302.852414 -29.773342    47.509    46.235  4 55295.56171886 16.532
 89 302.847308 -29.775726    45.157    45.140  5 55330.56170771 32.678
 90 302.851016 -29.775290    46.740    44.756  4 55365.56170128 16.863
 91 302.847121 -29.775046    46.204    46.156  4 55400.56171284 48.743
 92 302.852404 -29.773541    41.547    41.751  4 55435.56171742 47.950
 93 302.854045 -29.773363    44.723    44.337  5 55470.56167079 23.863
