#    0.000   0.000   0.000 ;Mean Elev.(m), Avg Gradient(m/km), RMS Gradient(m/km) - SRTM1     
#    0.000   0.000   0.000 ;Mean Elev.(m), Avg Gradient(m/km), RMS Gradient(m/km) - ASTER GDEM
#   87.908 -11.124  29.740 ;Mean Elev.(m), Avg Gradient(m/km), RMS Gradient(m/km) - GMTED2010 
  7 304.828310 -27.861655    99.418    90.763  4 52467.08257983 35.304
  8 304.826366 -27.860431    86.761    86.528  4 52502.08257174 17.077
  9 304.835349 -27.871930   128.741   133.794  5 52537.08255490 26.774
 10 304.827689 -27.861566    85.704    85.625  4 52572.08259417 42.305
 11 304.832356 -27.867545    91.830    92.197  8 52607.08255111 36.895
 12 304.831475 -27.867053    81.386    81.494  8 52642.08254926 45.034
 13 304.830771 -27.865075    80.365    80.266  7 52677.08253642 40.824
 14 304.830423 -27.864910    83.749    83.714  7 52712.08256785 42.005
 15 304.817339 -27.856582    79.898    79.903  4 52747.08259611 38.983
 16 304.832463 -27.867361    85.582    85.848  7 52782.08253309 34.412
 18 304.833697 -27.868353    81.560    81.642  8 52852.08266291 47.938
 20 304.826769 -27.861646    84.635    85.487  4 52922.08265356 31.853
 21 304.841027 -27.874476    83.288    85.929  7 52957.08261593 35.712
 22 304.837551 -27.871727    87.176    87.250  7 52992.08263707 43.389
 23 304.835727 -27.868681    81.440    81.451  8 53027.08260381 48.263
 24 304.840381 -27.874211    82.206    82.249  7 53062.08261171 41.067
 25 304.820153 -27.857856    79.756    79.679  3 53097.08263864 45.856
 26 304.843746 -27.877052    83.163    83.360  6 53132.08260781 43.873
 28 304.828976 -27.862665    82.891    82.791  5 53202.08268941 18.903
 29 304.837914 -27.873941    82.738    82.535  6 53237.08265573 45.591
 30 304.839673 -27.873055    91.391    91.512  7 53272.08261288 35.661
 31 304.824417 -27.859523    82.416    82.373  4 53307.08268044 48.946
 32 304.827146 -27.860224    80.903    80.850  4 53342.08264737 47.264
 35 304.836259 -27.871182    82.710    82.806  6 53447.08260477 43.467
 37 304.830434 -27.865242    86.719    87.520  7 53517.08269392 39.730
 39 304.833105 -27.867220    81.300    81.316  8 53587.08266775 48.497
 40 304.826424 -27.860225    84.092    84.079  4 53622.08263522 44.192
 41 304.830597 -27.865719    83.625    83.814  7 53657.08266200 42.492
 42 304.826151 -27.859757    80.708    80.741  4 53692.08264875 39.682
 43 304.828713 -27.862100    80.595    80.801  5 53727.08257182 44.978
 44 304.843677 -27.877191    86.136    86.769  5 53762.08252204 39.420
 45 304.832701 -27.867598    85.163    85.135  8 53797.08253658 26.121
 47 304.829618 -27.864362    80.170    80.255  6 53867.08259584 45.616
 48 304.829178 -27.863820    84.895    81.262  5 53902.08262589 22.350
 49 304.818149 -27.857078    79.686    79.594  3 53937.08266609 44.751
 50 304.823303 -27.859771    80.679    80.613  4 53972.08263007 44.402
 53 304.829015 -27.862874    80.444    80.468  6 54077.08263297 41.765
 56 304.825349 -27.859059    81.178    81.117  4 54182.08256166 45.865
 57 304.831220 -27.865846    87.150    87.299  7 54217.08258313 39.825
 58 304.830193 -27.865832    83.630    83.639  5 54252.08260981 42.444
 59 304.832117 -27.867814    80.661    80.648  8 54287.08261458 38.158
 60 304.832481 -27.867315    86.620    87.222  7 54322.08261134 36.941
 61 304.827479 -27.860657    82.575    82.651  4 54357.08257193 40.314
 62 304.832403 -27.867707    90.168    90.195  7 54392.08255183 40.608
 63 304.831005 -27.867067    83.447    83.537  7 54427.08252053 43.683
 64 304.835579 -27.873909    82.865    82.923  4 54462.08252806 43.995
 65 304.832948 -27.873743    82.636    82.541  3 54497.08252710 23.808
 66 304.834546 -27.868565    80.676    80.695  7 54532.08254206 45.071
 67 304.826954 -27.860414    80.221    80.270  4 54567.08253489 46.408
 68 304.830813 -27.865150    81.253    81.220  7 54602.08253889 47.128
 69 304.828198 -27.861450    84.012    84.066  4 54637.08255078 39.995
 71 304.830510 -27.865107    89.741    86.969  7 54707.08251331 17.317
 72 304.833193 -27.870766   130.050   130.355  5 54742.08251736 32.046
 73 304.832062 -27.867587    87.687    88.639  7 54777.08249337 40.567
 74 304.834100 -27.868670    93.960    94.334  7 54812.08251054  8.967
 75 304.828426 -27.862114    81.043    80.972  4 54847.08249552 45.723
 76 304.831161 -27.867181    83.243    83.499  7 54882.08251448 41.377
 77 304.824475 -27.859871    79.950    80.013  4 54917.08249826 40.709
 78 304.830081 -27.864771    88.900    89.514  7 54952.08250891 23.296
 79 304.827485 -27.861151    87.968    87.638  4 54987.08253440 37.312
 80 304.830686 -27.861845   104.901    82.925  3 55022.08252616 38.886
 81 304.830299 -27.864359    87.431    87.372  7 55057.08252220 39.204
 82 304.827117 -27.863862    83.976    83.976  2 55092.08247918 45.015
 83 304.831963 -27.866536    83.610    83.755  7 55127.08246117 45.136
 85 304.832695 -27.867641    92.451    92.485  7 55197.08245218 11.864
 86 304.826016 -27.859058    81.033    80.980  4 55232.08244483 45.548
 87 304.832130 -27.866534    80.954    80.940  8 55267.08244658 45.458
 88 304.827956 -27.860619    80.557    80.532  4 55302.08242513 46.813
 89 304.829694 -27.864780    89.302    89.348  6 55337.08242265 40.609
 90 304.831730 -27.866807    90.781    90.926  7 55372.08241143 38.074
 91 304.834527 -27.869442    84.414    84.336  8 55407.08243081 43.509
 92 304.829466 -27.861348    84.439    84.921  5 55442.08243205 38.217
 93 304.827763 -27.860886    87.133    86.971  5 55477.08237319 37.089
